m/z	I	S/N	Res.	I %	
113.02441	2801475	12.6	1093201	1.6	
125.02441	2424792	10.6	997569	1.3	
149.02442	2551861	11.3	1017331	1.4	
149.06081	2551479	11.3	767617	1.4	
151.04007	10408350	52.3	845192	5.8	
153.01933	7700001	38.2	799895	4.3	
153.05572	4997668	24.1	898959	2.8	
154.02717	2807406	12.6	841895	1.6	
155.03498	6008514	29.3	811817	3.3	
157.05063	5212034	25.2	789754	2.9	
157.12340	3893898	18.3	815365	2.2	
159.02990	8155231	40.5	808872	4.5	
159.06628	2874467	13.0	778069	1.6	
160.03772	3431900	15.9	779534	1.9	
161.02443	2970462	13.5	771433	1.6	
161.04555	21127522	108.1	793880	11.7	
162.03224	5546989	26.8	793824	3.1	
162.05337	11065840	55.5	785388	6.1	
163.04007	8474244	42.0	759962	4.7	
163.06120	7796360	38.5	823582	4.3	
164.04790	3715365	17.3	815596	2.1	
165.01933	5962184	28.9	834650	3.3	
165.05572	9715662	48.4	791514	5.4	
166.02717	5343866	25.7	809034	3.0	
167.03498	13162804	66.0	770865	7.3	
167.07137	4590907	21.7	759886	2.5	
168.04282	6118392	29.6	801062	3.4	
169.01426	6328508	30.6	743679	3.5	
169.05064	9071299	44.7	772863	5.0	
169.08701	2566859	11.2	848414	1.4	
169.12339	4073170	19.0	771077	2.3	
170.05845	2731927	12.1	884675	1.5	
171.02991	4142187	19.4	781767	2.3	
171.06628	3568243	16.4	788211	2.0	
171.10266	2437755	10.6	819288	1.4	
171.13825	3189379	14.4	914256	1.8	
171.13905	45289604	231.3	729946	25.1	
171.13932	3610755	16.6	1604742	2.0	
172.14240	5587815	26.7	747747	3.1	
173.04554	5625915	26.9	714457	3.1	
173.08195	3618884	16.6	747958	2.0	
174.03225	2467882	10.7	866132	1.4	
175.04007	4330533	20.2	737388	2.4	
175.06121	2960427	13.2	644907	1.6	
176.01154	3024927	13.5	731772	1.7	
176.10639	4751160	22.3	752151	2.6	
177.01933	5080618	24.0	768050	2.8	
177.04047	8155695	39.8	742120	4.5	
177.05484	2568243	11.2	776610	1.4	
177.05572	31127092	157.4	712784	17.3	
177.07684	3244089	14.6	741107	1.8	
178.02716	2914363	12.9	726525	1.6	
178.04830	7489345	36.2	738570	4.2	
178.05908	3909444	18.0	786843	2.2	
178.06354	3035461	13.5	761507	1.7	
179.03498	17770580	88.7	707979	9.9	
179.05523	2866266	12.6	785607	1.6	
179.05611	27560026	138.7	697367	15.3	
179.07137	9440351	46.2	710847	5.2	
180.04280	6875509	33.1	716172	3.8	
181.01424	2599570	11.2	766553	1.4	
181.04972	2613917	11.3	778426	1.5	
181.05033	2638493	11.4	1154420	1.5	
181.05063	35650204	179.3	700725	19.8	
181.05093	3548829	16.1	1394614	2.0	
181.08702	3241128	14.5	693818	1.8	
182.02206	2517441	10.8	705708	1.4	
182.05398	3563978	16.2	710114	2.0	
182.05846	2435020	10.4	848183	1.4	
183.02990	8695030	42.2	704759	4.8	
183.06628	9143553	44.5	690367	5.1	
183.10267	2939148	13.0	755691	1.6	
184.03772	4421170	20.4	707597	2.5	
185.04555	10078069	49.1	681157	5.6	
185.08192	4358017	20.1	715685	2.4	
185.11833	5302157	24.9	703138	2.9	
186.05337	2748606	12.0	775938	1.5	
187.04005	3614215	16.3	671350	2.0	
187.06120	6650382	31.7	684686	3.7	
187.09759	6138395	29.1	678248	3.4	
187.13397	16642599	82.4	683391	9.2	
188.04788	2764125	12.0	747466	1.5	
189.04046	2910900	12.7	767043	1.6	
189.05573	6217914	29.4	711257	3.5	
190.02717	3983887	18.1	673815	2.2	
190.06355	2645532	11.4	714428	1.5	
191.03499	25085816	124.2	661848	13.9	
191.05612	5309312	24.7	698522	2.9	
191.07137	14782341	72.4	675018	8.2	
192.03835	3126500	13.8	683921	1.7	
192.04281	8949990	43.1	698805	5.0	
192.07922	2509555	10.7	591858	1.4	
193.01425	4055117	18.4	671453	2.3	
193.05029	3838554	17.3	1411165	2.1	
193.05064	39311964	195.8	654034	21.8	
193.08701	4447848	20.4	649689	2.5	
194.05400	3898322	17.6	768868	2.2	
194.05846	11424724	55.5	668265	6.3	
195.02990	10476869	50.5	653941	5.8	
195.06628	33115476	164.0	645321	18.4	
195.10266	3401569	15.1	690857	1.9	
196.03772	10014410	48.2	643190	5.6	
196.06963	2638551	11.3	734805	1.5	
197.04555	26525780	131.0	641686	14.7	
197.08193	7423075	35.2	649428	4.1	
197.11834	2480241	10.5	650248	1.4	
198.04892	3052514	13.3	717972	1.7	
198.05339	3996644	18.1	674574	2.2	
199.02481	2500458	10.5	706792	1.4	
199.06120	12968824	62.8	648686	7.2	
199.09758	3673479	16.4	660168	2.0	
199.17036	55518116	275.1	628851	30.8	
199.17073	4553637	20.8	1269283	2.5	
200.06903	2865426	12.3	647538	1.6	
200.17371	7634237	36.1	631936	4.2	
201.04046	5551777	25.7	633942	3.1	
201.05572	4223144	19.1	661860	2.3	
201.07684	3619504	16.1	656384	2.0	
201.11324	4973248	22.9	679679	2.8	
202.06356	2545227	10.7	502652	1.4	
203.03499	6139364	28.5	649574	3.4	
203.05612	5042669	23.1	681480	2.8	
203.07136	5060083	23.2	674343	2.8	
204.04281	5769104	26.7	627590	3.2	
205.01425	2918193	12.5	694227	1.6	
205.05063	14177601	68.5	612926	7.9	
205.08701	4051280	18.2	650463	2.2	
206.02207	5432038	25.0	623185	3.0	
206.05845	6576886	30.6	645169	3.7	
207.02990	10182816	48.4	603837	5.7	
207.06508	5232815	23.9	750376	2.9	
207.06628	64426160	316.9	602660	35.8	
207.08741	9136313	43.3	613140	5.1	
207.10267	3157184	13.7	626473	1.8	
208.03772	5876317	27.1	610007	3.3	
208.06964	7237228	33.8	607771	4.0	
208.07411	6338158	29.4	595378	3.5	
209.04555	28398622	138.6	598362	15.8	
209.08194	12448815	59.6	593939	6.9	
209.11833	3752000	16.6	621386	2.1	
210.04892	2597859	10.9	650129	1.4	
210.05337	7394789	34.6	608816	4.1	
211.02481	3411357	14.8	649582	1.9	
211.04004	2912164	12.4	599287	1.6	
211.05995	2537389	10.5	840902	1.4	
211.06078	3176366	13.7	1200503	1.8	
211.06120	34789292	169.4	599109	19.3	
211.06161	3184558	13.7	1161548	1.8	
211.09759	5032895	22.8	623885	2.8	
211.13397	3784655	16.7	604030	2.1	
212.06456	4359545	19.5	616263	2.4	
212.06903	5813627	26.7	583216	3.2	
213.04046	9827131	46.4	590414	5.5	
213.05571	2480962	10.3	691807	1.4	
213.07685	10847052	51.5	599920	6.0	
213.11324	3458909	15.1	610419	1.9	
213.14967	2807662	11.9	621665	1.6	
213.18602	6503295	30.1	614925	3.6	
214.04827	3992335	17.7	590825	2.2	
215.03498	3876573	17.0	602032	2.2	
215.05611	11378407	53.8	583152	6.3	
215.07137	3809006	16.7	624320	2.1	
215.09249	2673912	11.1	646161	1.5	
215.16528	2943258	12.5	632834	1.6	
216.04280	4679864	21.0	630129	2.6	
216.06393	3941570	17.4	622854	2.2	
217.05063	9497238	44.6	569667	5.3	
217.07178	6252192	28.7	595773	3.5	
217.08704	3327655	14.3	648434	1.8	
218.05848	4797559	21.6	608979	2.7	
219.02990	5543498	25.2	621702	3.1	
219.05103	3477588	15.1	623895	1.9	
219.06628	17016410	81.5	572051	9.4	
219.10265	3854445	16.9	531505	2.1	
220.03773	4693041	20.9	595856	2.6	
220.07412	3230786	13.8	696443	1.8	
220.14687	3382373	14.5	653581	1.9	
221.04555	22145562	106.1	567824	12.3	
221.06669	9026084	42.1	556813	5.0	
221.08193	21133868	101.2	558382	11.7	
221.11833	2857021	12.0	670906	1.6	
221.15474	2409551	9.8	541771	1.3	
222.05337	10011654	46.9	563179	5.6	
222.08531	3067926	13.0	614988	1.7	
223.02482	8013283	37.1	561008	4.4	
223.06120	39521780	190.9	564599	21.9	
223.09759	8695303	40.5	572929	4.8	
223.13398	3091993	13.1	609455	1.7	
224.03263	3010004	12.6	588364	1.7	
224.04790	2523100	10.3	616706	1.4	
224.06455	4839396	21.5	579229	2.7	
224.06902	8341478	38.5	569908	4.6	
225.04047	12886471	60.6	555146	7.2	
225.05573	3976655	17.3	586204	2.2	
225.07542	3728857	16.1	670227	2.1	
225.07685	49918424	240.5	551075	27.7	
225.11321	3901932	17.0	571284	2.2	
225.14960	4137982	18.1	534832	2.3	
225.18601	6922768	31.6	594106	3.8	
226.04829	4393917	19.4	597655	2.4	
226.08019	6439885	29.3	545857	3.6	
226.08465	3715023	16.1	604198	2.1	
227.05611	18134452	86.1	546087	10.1	
227.07140	3986876	17.4	601662	2.2	
227.09249	6531527	29.7	568355	3.6	
227.12890	3795417	16.5	581671	2.1	
227.20020	3852797	16.7	650262	2.1	
227.20165	47314428	227.8	552834	26.3	
227.20212	3966462	17.3	1132995	2.2	
228.04278	2810788	11.7	593043	1.6	
228.06393	4886447	21.8	564317	2.7	
228.20501	6432757	29.3	563861	3.6	
229.05063	5482911	24.5	584036	3.0	
229.07176	12343722	57.7	542779	6.9	
229.08703	3065266	12.8	615884	1.7	
230.05844	3367837	14.3	638631	1.9	
230.07954	2953639	12.3	586583	1.6	
230.98617	2608499	10.6	629006	1.4	
231.02990	3536265	15.1	601450	2.0	
231.05102	4559252	20.1	559362	2.5	
231.06628	8811931	40.6	542869	4.9	
231.08741	3038630	12.7	524234	1.7	
231.10268	3230126	13.6	591214	1.8	
232.03773	3775369	16.3	625702	2.1	
232.07408	2991516	12.5	580707	1.7	
233.04555	14795147	69.5	546589	8.2	
233.06666	7377302	33.7	543441	4.1	
233.08194	10138014	47.0	544019	5.6	
234.05336	7248782	32.9	533397	4.0	
235.02477	5556608	24.7	537441	3.1	
235.06120	20919698	98.5	545121	11.6	
235.08231	3530141	15.0	569570	2.0	
235.09757	6796709	30.7	545908	3.8	
236.06903	7294872	33.1	558964	4.0	
237.04046	9890188	45.5	543650	5.5	
237.07684	21490078	101.3	526228	11.9	
237.11322	4079025	17.6	542084	2.3	
237.14963	2864068	11.8	509371	1.6	
238.04827	4976531	21.9	544874	2.8	
238.08023	3443620	14.6	559432	1.9	
238.08465	5299110	23.5	514869	2.9	
239.05612	18415004	86.5	525021	10.2	
239.07133	2663331	10.8	493065	1.5	
239.09250	10700206	49.4	513921	5.9	
239.12890	4085185	17.6	535549	2.3	
239.16528	3941844	17.0	554439	2.2	
239.20167	9096678	41.7	531019	5.0	
240.05947	3135906	13.0	502486	1.7	
240.06394	7735204	35.0	530348	4.3	
240.10029	2434487	9.7	575298	1.4	
241.03539	3521946	14.8	546764	2.0	
241.05061	3529634	14.9	502373	2.0	
241.07176	28635566	134.8	515720	15.9	
241.10817	2984384	12.3	573506	1.7	
241.14454	3424723	14.4	556217	1.9	
241.18092	4093414	17.6	542676	2.3	
241.21730	49426936	234.2	516445	27.4	
242.05850	3503532	14.8	516380	1.9	
242.07513	3606453	15.3	518049	2.0	
242.07959	5007287	21.9	527447	2.8	
242.22065	7681024	34.7	527426	4.3	
243.05101	5915054	26.3	513057	3.3	
243.06631	6610358	29.6	548473	3.7	
243.08740	7755201	35.1	539742	4.3	
243.19659	3162618	13.1	499013	1.8	
244.03772	2970029	12.2	532940	1.6	
244.05887	2829752	11.5	501463	1.6	
244.07412	3285952	13.7	535261	1.8	
245.04553	6857144	30.8	532703	3.8	
245.06667	9707971	44.4	520779	5.4	
245.08191	8004043	36.3	499854	4.4	
246.05337	6155202	27.3	521276	3.4	
247.02478	3765690	15.9	521596	2.1	
247.06120	17219020	79.8	508959	9.6	
247.08234	5220824	22.8	523332	2.9	
247.09759	6206944	27.5	527882	3.4	
248.03260	2913220	11.9	517536	1.6	
248.06901	6588375	29.3	509158	3.7	
249.04046	10584525	48.3	505663	5.9	
249.06157	2807256	11.3	475510	1.6	
249.07685	22405600	104.4	500578	12.4	
249.11322	4867571	21.1	494438	2.7	
249.18597	2835993	11.5	554993	1.6	
250.04828	6826967	30.4	508008	3.8	
250.08018	3915751	16.6	525999	2.2	
250.08467	4781034	20.7	521968	2.7	
251.05611	23238112	108.4	487568	12.9	
251.07724	9903594	45.1	500003	5.5	
251.09249	14444018	66.2	503149	8.0	
251.12889	4766213	20.5	521970	2.6	
251.20164	4359723	18.6	550878	2.4	
252.05946	3082214	12.6	529437	1.7	
252.06393	8396776	37.7	499469	4.7	
252.09596	2433528	9.5	609851	1.4	
252.10030	3131387	12.8	546129	1.7	
253.03536	3558876	14.8	536193	2.0	
253.07176	25487856	118.3	494285	14.1	
253.10814	6791682	30.1	522217	3.8	
253.14458	4213269	17.9	496252	2.3	
253.21550	5483065	23.9	583590	3.0	
253.21671	5433914	23.7	1087951	3.0	
253.21730	76622392	359.8	489584	42.5	
253.21789	6359611	28.0	873940	3.5	
254.07515	3748852	15.7	522290	2.1	
254.07958	6847478	30.3	527755	3.8	
254.22065	13110334	59.9	489377	7.3	
255.05103	8306153	37.2	489571	4.6	
255.06628	4196849	17.8	521482	2.3	
255.08741	14102011	64.6	489657	7.8	
255.12380	2988046	12.1	553991	1.7	
255.23111	12246597	55.8	530332	6.8	
255.23235	12578374	57.4	910991	7.0	
255.23295	180153920	848.5	483514	100.0	
256.03768	2536930	10.0	528302	1.4	
256.05883	3595245	15.0	474715	2.0	
256.23452	2799687	11.2	555578	1.6	
256.23631	32329800	150.6	482245	17.9	
257.04554	3916262	16.5	546606	2.2	
257.06668	14770672	67.7	495285	8.2	
257.08194	6296056	27.7	481584	3.5	
257.10310	4726275	20.3	523033	2.6	
257.21219	3454011	14.3	466332	1.9	
258.05337	4178920	17.6	549118	2.3	
258.07449	4998130	21.5	520080	2.8	
258.08979	2637306	10.4	523823	1.5	
259.06119	12666344	57.4	485565	7.0	
259.08232	11404787	51.5	496116	6.3	
259.09757	6471163	28.4	463093	3.6	
260.06902	5537767	24.0	492016	3.1	
260.09017	3003378	12.1	421055	1.7	
261.00409	4696512	20.0	487461	2.6	
261.04046	6787538	29.8	496597	3.8	
261.06159	3753437	15.6	472393	2.1	
261.07684	16579045	75.8	476470	9.2	
261.11324	4100599	17.2	501294	2.3	
262.01189	8049596	35.8	478382	4.5	
262.04830	4246478	17.9	513387	2.4	
262.07280	2619354	10.3	606558	1.5	
262.07477	35257308	163.4	472635	19.6	
262.08468	5287904	22.8	513627	2.9	
263.05611	15478216	70.6	492597	8.6	
263.07725	6138323	26.8	459392	3.4	
263.07813	5419475	23.4	494846	3.0	
263.09249	14376410	65.4	465966	8.0	
263.12888	5410284	23.4	510231	3.0	
264.06395	6768576	29.6	496177	3.8	
264.10030	3530706	14.5	489471	2.0	
265.03536	4188580	17.5	485374	2.3	
265.07176	20312502	92.7	463907	11.3	
265.10814	8055240	35.5	506132	4.5	
265.18092	4683244	19.8	467007	2.6	
266.04317	2507159	9.7	486682	1.4	
266.07513	2705831	10.6	478162	1.5	
266.07960	6382505	27.7	488066	3.5	
266.98882	6356330	27.6	467153	3.5	
267.05103	8861065	39.3	488223	4.9	
267.06625	2735504	10.8	494166	1.5	
267.08742	17663386	80.3	466865	9.8	
267.12382	4031917	16.8	498274	2.2	
267.16019	4564415	19.3	491741	2.5	
267.19658	13473232	60.8	468518	7.5	
267.23294	16283106	73.9	463767	9.0	
268.05886	7126904	31.2	470239	4.0	
268.09081	2808199	11.1	469926	1.6	
268.09527	6094730	26.4	508095	3.4	
268.19996	3019709	12.1	484008	1.7	
268.23631	3476431	14.2	512597	1.9	
269.04557	2584410	10.0	466550	1.4	
269.06668	23611748	108.0	458600	13.1	
269.08190	4579692	19.3	494395	2.5	
269.10305	8264054	36.5	498167	4.6	
269.17582	2974617	11.9	448465	1.7	
269.21221	13420971	60.5	467581	7.4	
269.24657	2969020	11.8	530884	1.6	
269.24860	37906876	174.6	456409	21.0	
270.05337	2992964	11.9	523584	1.7	
270.07008	3162956	12.7	474753	1.8	
270.07448	9990990	44.6	468491	5.5	
270.25196	6900644	30.2	460703	3.8	
271.04595	2814244	11.0	526808	1.6	
271.06120	6843691	29.7	469467	3.8	
271.08234	14359861	64.5	452576	8.0	
271.09759	7798077	34.1	455040	4.3	
271.22786	9612667	42.5	467567	5.3	
272.06901	4570895	19.2	486518	2.5	
272.09015	3386137	13.7	528630	1.9	
273.04046	4821216	20.3	483855	2.7	
273.06157	5460202	23.3	487142	3.0	
273.07684	20132080	91.2	453587	11.2	
273.09797	5060859	21.4	429712	2.8	
273.11327	3669250	15.0	503151	2.0	
274.04829	3479230	14.1	463342	1.9	
274.06944	2502856	9.6	507965	1.4	
274.08022	3310285	13.3	507330	1.8	
274.08468	4814543	20.3	498682	2.7	
275.05610	9929881	43.9	463658	5.5	
275.07724	8121507	35.6	462232	4.5	
275.09249	12760234	57.0	437734	7.1	
275.12889	3639483	14.8	488187	2.0	
276.06393	6399601	27.6	439596	3.6	
276.08509	2454139	9.4	517053	1.4	
276.10035	3162754	12.6	488607	1.8	
277.07176	18651206	84.3	460757	10.4	
277.09288	6600784	28.5	446283	3.7	
277.10814	8048727	35.2	486804	4.5	
277.14235	5091431	21.6	543053	2.8	
277.14453	63854696	293.4	443170	35.4	
277.21730	3327625	13.4	389713	1.8	
278.07509	2799125	10.9	500058	1.6	
278.07958	6570519	28.4	464953	3.6	
278.14788	11733558	51.9	446791	6.5	
278.22512	3234394	12.9	486739	1.8	
279.05101	7930836	34.4	451289	4.4	
279.08739	20896740	94.0	442905	11.6	
279.12381	5122037	21.5	483259	2.8	
279.16019	3603461	14.6	515559	2.0	
279.23297	14945319	66.7	456618	8.3	
280.05885	3837342	15.6	461198	2.1	
280.09082	3213740	12.8	462346	1.8	
280.09524	5569966	23.6	442194	3.1	
280.23627	3046894	12.0	475156	1.7	
280.98297	7147326	30.8	454650	4.0	
281.06667	14102372	62.8	451182	7.8	
281.08780	4992877	20.9	473764	2.8	
281.10306	12308340	54.5	435318	6.8	
281.13941	3565444	14.4	462564	2.0	
281.17584	4029333	16.5	450869	2.2	
281.21218	5525413	23.4	454640	3.1	
281.24860	60710836	276.9	433209	33.7	
282.07451	5212454	21.9	474969	2.9	
282.11088	2665270	10.2	486974	1.5	
282.25197	11567477	51.1	445282	6.4	
283.04599	3581652	14.5	505088	2.0	
283.06116	4058843	16.6	456703	2.3	
283.08232	17269476	77.3	445498	9.6	
283.09759	3337963	13.3	425232	1.9	
283.11871	5390068	22.8	442565	3.0	
283.19147	4885268	20.4	451864	2.7	
283.26196	4769587	19.9	463636	2.6	
283.26425	66249524	302.3	433593	36.8	
284.05378	2794638	10.8	397103	1.6	
284.06899	3742869	15.2	455422	2.1	
284.08576	2467484	9.3	451841	1.4	
284.09013	5661854	24.0	442566	3.1	
284.26761	12715243	56.4	440334	7.1	
285.04047	3387963	13.6	456209	1.9	
285.06158	9856580	43.3	426294	5.5	
285.07684	9072202	39.7	427263	5.0	
285.09797	10561107	46.5	427990	5.9	
285.20712	2484867	9.4	481198	1.4	
285.24349	3537554	14.2	462326	2.0	
286.04827	3342316	13.3	442180	1.9	
286.06941	6836213	29.2	451385	3.8	
286.08470	6414332	27.3	437870	3.6	
286.10577	3346949	13.3	419371	1.9	
287.05610	8296857	35.9	435671	4.6	
287.07724	26511778	119.0	423017	14.7	
287.09250	9761192	42.6	437784	5.4	
287.11361	2600369	9.9	501495	1.4	
288.06395	5357378	22.5	446590	3.0	
288.08058	3305288	13.1	476237	1.8	
288.08509	8014666	34.6	450768	4.4	
288.10031	2632017	10.0	423772	1.5	
289.07175	15998181	71.0	419891	8.9	
289.09292	6673646	28.5	427520	3.7	
289.10814	7587060	32.6	448409	4.2	
289.23019	16538919	73.5	433406	9.2	
290.07507	3129986	12.3	412930	1.7	
290.07961	5965444	25.2	468711	3.3	
290.23351	3018435	11.8	417281	1.7	
291.05102	6537232	27.8	438721	3.6	
291.07219	3431448	13.7	432036	1.9	
291.08741	17027102	75.7	425330	9.5	
291.12380	12824621	56.5	411007	7.1	
291.16018	36737084	165.7	419955	20.4	
291.19657	3426379	13.6	458942	1.9	
292.05887	4137382	16.9	464149	2.3	
292.09078	2828722	10.9	423927	1.6	
292.09525	4920756	20.5	469240	2.7	
292.16353	7180752	30.8	435277	4.0	
293.06667	13370167	59.0	418523	7.4	
293.08783	4679487	19.4	455243	2.6	
293.10305	12788549	56.4	433869	7.1	
293.13944	8037204	34.7	427320	4.5	
293.17583	2806114	10.8	414494	1.6	
293.21220	12342128	54.3	434462	6.9	
294.07449	6108356	25.7	445272	3.4	
294.10645	2450640	9.1	431898	1.4	
294.11086	2727122	10.4	480445	1.5	
295.04595	3693118	14.7	445270	2.0	
295.06123	2686020	10.2	449607	1.5	
295.08233	17909324	79.2	425813	9.9	
295.11873	6303322	26.6	452321	3.5	
295.15510	2618984	9.9	402781	1.5	
295.19149	2619510	9.9	444861	1.5	
295.22786	16901764	74.6	411351	9.4	
295.26425	2554002	9.6	393986	1.4	
296.05381	2627522	9.9	440368	1.5	
296.06893	2823112	10.8	419519	1.6	
296.09013	7104464	30.2	425194	3.9	
296.23122	3605510	14.3	437064	2.0	
297.06160	4768066	19.6	424131	2.6	
297.07688	5859656	24.6	423691	3.3	
297.09797	13973839	61.3	411808	7.8	
297.13432	2547037	9.5	480376	1.4	
297.24352	10326407	44.8	419690	5.7	
297.27993	5753237	24.1	393296	3.2	
298.06946	2495165	9.3	524950	1.4	
298.08472	3476163	13.8	443846	1.9	
298.10579	4377291	17.8	417072	2.4	
299.05609	5448749	22.7	430337	3.0	
299.07721	9602100	41.5	405908	5.3	
299.09250	14580794	64.1	421342	8.1	
299.11359	5077058	21.0	436259	2.8	
299.18641	4510813	18.4	445178	2.5	
299.22281	3276906	12.9	516010	1.8	
299.25916	3282040	12.9	443734	1.8	
300.06398	3858848	15.5	463672	2.1	
300.08506	4185512	17.0	441061	2.3	
300.09583	2577323	9.7	452699	1.4	
300.10032	2911149	11.2	444738	1.6	
300.99899	26582772	118.5	409356	14.8	
301.03534	2801410	10.7	488716	1.6	
301.07176	17276686	76.3	415462	9.6	
301.09285	9514774	41.1	412072	5.3	
301.10814	8875804	38.2	432119	4.9	
302.00234	4410462	18.0	424522	2.4	
302.07511	2917496	11.2	342078	1.6	
302.07958	6465658	27.3	420983	3.6	
302.10070	3021953	11.7	390713	1.7	
303.05104	4372948	17.7	461790	2.4	
303.07216	10248667	44.1	391603	5.7	
303.08741	31392224	139.3	407742	17.4	
303.10856	3944936	15.8	420608	2.2	
303.12381	4095469	16.4	458599	2.3	
303.20945	6191628	25.9	445279	3.4	
304.05883	4598583	18.7	440841	2.6	
304.07996	7576382	32.1	418142	4.2	
304.09074	4882242	20.0	424915	2.7	
304.09526	5366595	22.2	438140	3.0	
305.06667	13116565	57.0	421964	7.3	
305.08781	20989084	92.4	396329	11.7	
305.10305	14300322	62.4	406955	7.9	
305.13947	4769967	19.5	429950	2.6	
305.17584	19829948	87.2	407411	11.0	
305.24864	2706645	10.2	473637	1.5	
306.07004	2816495	10.7	460011	1.6	
306.07451	6925809	29.2	423977	3.8	
306.09114	2506230	9.3	435911	1.4	
306.09565	10124792	43.6	398707	5.6	
306.10639	2768380	10.5	433252	1.5	
306.11091	3238909	12.6	380861	1.8	
306.17921	4177429	16.8	407311	2.3	
307.04597	4921148	20.1	444124	2.7	
307.08233	20354888	89.6	400849	11.3	
307.10343	3367759	13.2	424652	1.9	
307.11870	8124245	34.6	396040	4.5	
307.15512	6078305	25.4	384386	3.4	
307.19149	4540269	18.4	434237	2.5	
307.26425	4112262	16.5	422402	2.3	
308.08559	2622618	9.8	421396	1.5	
308.09017	7407772	31.3	410070	4.1	
309.06160	6928864	29.2	420487	3.8	
309.07684	3712485	14.7	436784	2.1	
309.09797	18225644	80.0	399871	10.1	
309.13440	3921400	15.6	434428	2.2	
309.14961	11708925	50.7	405902	6.5	
309.17077	3594756	14.2	443913	2.0	
309.20713	7160336	30.2	424374	4.0	
309.24353	5076508	20.8	378285	2.8	
309.27989	5988904	24.9	410686	3.3	
310.06940	3467052	13.6	421260	1.9	
310.08463	2894129	11.0	401394	1.6	
310.10133	2697014	10.1	456566	1.5	
310.10580	5174072	21.3	432010	2.9	
310.15294	2483527	9.2	434709	1.4	
311.05610	4226158	17.0	434151	2.3	
311.07723	14138484	61.6	401575	7.8	
311.09248	7419002	31.4	403671	4.1	
311.11362	10251392	44.1	393599	5.7	
311.22278	8783012	37.5	411254	4.9	
311.25914	3780783	15.0	417413	2.1	
311.29554	14056635	61.2	405958	7.8	
312.06392	4247987	17.0	429199	2.4	
312.08511	5629370	23.1	420547	3.1	
312.10030	3295679	12.7	394360	1.8	
312.12141	2467781	9.0	430600	1.4	
312.29898	2523134	9.3	409765	1.4	
313.05651	3320560	12.8	371959	1.8	
313.07175	9615092	40.9	400891	5.3	
313.09288	14393083	62.3	388481	8.0	
313.10815	6782720	28.3	426370	3.8	
313.12928	3901191	15.4	359183	2.2	
313.14448	2725644	10.2	458700	1.5	
313.16566	2686226	10.0	414792	1.5	
313.23844	7528234	31.6	426990	4.2	
314.06443	2539566	9.3	423429	1.4	
314.07959	6436915	26.7	397248	3.6	
314.10070	7311418	30.7	404799	4.1	
315.01466	8700247	36.9	388809	4.8	
315.05106	5333347	21.8	398785	3.0	
315.07218	5957993	24.6	399879	3.3	
315.08741	16175470	70.2	391494	9.0	
315.10853	8450420	35.7	394629	4.7	
315.12379	3703161	14.5	380584	2.1	
315.18133	5396875	22.1	403598	3.0	
316.05880	4160154	16.6	418795	2.3	
316.09077	2671268	9.9	446471	1.5	
316.09525	8692389	36.8	405832	4.8	
317.06668	14144462	61.2	390846	7.9	
317.08778	5731285	23.6	389298	3.2	
317.10306	20886490	91.3	399211	11.6	
318.03809	4320501	17.3	401650	2.4	
318.07448	7611648	32.0	405349	4.2	
318.09560	2676998	10.0	386377	1.5	
318.10639	2987273	11.3	377037	1.7	
318.11085	4262154	17.0	421642	2.4	
319.04598	3559970	13.9	400972	2.0	
319.08231	18359854	80.0	382260	10.2	
319.10343	3437108	13.3	459050	1.9	
319.11871	8189496	34.6	411115	4.5	
319.15507	2895427	10.9	437765	1.6	
319.19146	7503438	31.5	399040	4.2	
319.22786	2564697	9.5	392268	1.4	
320.07493	3812180	15.0	384933	2.1	
320.08565	3515223	13.7	330293	2.0	
320.09016	8394584	35.5	387006	4.7	
321.06163	6803573	28.4	412406	3.8	
321.08268	6467707	26.9	385061	3.6	
321.09797	18462848	80.4	385548	10.2	
321.13435	4637834	18.7	402983	2.6	
321.17073	2981013	11.3	394193	1.7	
321.20717	3246240	12.5	385997	1.8	
321.24351	9683114	41.2	392803	5.4	
322.06938	3635610	14.1	367982	2.0	
322.10139	3088803	11.7	382287	1.7	
322.10582	6418852	26.4	407967	3.6	
323.07724	16399035	70.6	391215	9.1	
323.09251	4839104	19.4	385539	2.7	
323.09837	31267522	136.5	380409	17.4	
323.11361	13368006	57.2	380549	7.4	
323.18641	3134171	11.9	463070	1.7	
323.22277	3092197	11.7	393260	1.7	
323.25918	3583728	13.9	410334	2.0	
324.08057	2534361	9.2	457975	1.4	
324.08506	6245338	25.7	404400	3.5	
324.10038	2891743	10.8	341884	1.6	
324.10172	4691935	18.8	415872	2.6	
324.10624	3140576	11.9	430197	1.7	
324.12147	3580901	13.9	373694	2.0	
325.07177	6401264	26.4	381860	3.6	
325.09288	17714422	76.5	377358	9.8	
325.10813	9884922	41.8	377470	5.5	
325.12927	5981441	24.5	391373	3.3	
325.20208	3625237	14.1	423172	2.0	
325.23840	5170463	20.9	404489	2.9	
325.31119	6874419	28.5	383803	3.8	
326.07960	4544010	18.1	399474	2.5	
326.09627	2865678	10.7	442774	1.6	
326.10070	6331919	26.1	392661	3.5	
327.05098	3355414	12.9	427319	1.9	
327.07214	5119772	20.7	388510	2.8	
327.08740	16764704	72.3	376320	9.3	
327.10854	11861798	50.5	384588	6.6	
327.12383	3697450	14.4	381284	2.1	
327.21770	6707012	27.7	386663	3.7	
327.25411	6031182	24.7	388457	3.3	
328.05876	4308010	17.1	379089	2.4	
328.07998	2842671	10.6	446346	1.6	
328.09071	3202098	12.2	422055	1.8	
328.09523	5709876	23.3	383050	3.2	
328.11643	3868729	15.1	390518	2.1	
329.03029	10125617	42.9	367390	5.6	
329.04700	3929397	15.4	378767	2.2	
329.06667	9677115	40.9	377955	5.4	
329.08778	9863488	41.7	378810	5.5	
329.10305	20005188	86.6	371832	11.1	
329.12425	3878218	15.2	374325	2.2	
329.13945	3944782	15.5	387415	2.2	
329.17582	2740568	10.1	444564	1.5	
329.23330	4901224	19.7	391823	2.7	
330.07450	6849097	28.3	381308	3.8	
330.09562	3996239	15.7	394132	2.2	
330.10645	4750930	19.0	393973	2.6	
330.11090	5615187	22.9	352149	3.1	
330.97980	6908730	28.6	403652	3.8	
331.04595	3429196	13.2	373672	1.9	
331.06701	3795793	14.8	387739	2.1	
331.08232	22152022	96.1	371068	12.3	
331.10347	7963483	33.3	359540	4.4	
331.11871	12911455	55.2	381098	7.2	
331.19149	2641778	9.7	339604	1.5	
332.05374	3197013	12.1	395932	1.8	
332.08569	3986525	15.5	372952	2.2	
332.09015	8528990	35.5	383919	4.7	
332.11129	3501156	13.4	432306	1.9	
332.12208	3320935	12.6	373207	1.8	
332.12641	2455144	8.8	384251	1.4	
333.06159	7939420	32.9	372433	4.4	
333.09798	30033254	129.9	370136	16.7	
333.11914	3149163	11.8	383577	1.7	
333.13438	4908399	19.6	384164	2.7	
333.19182	3017086	11.3	425333	1.7	
333.20711	2969986	11.1	410099	1.6	
334.06943	4009569	15.6	382227	2.2	
334.10128	5949033	24.1	367194	3.3	
334.10578	6286954	25.6	383550	3.5	
335.07727	12904291	54.7	362636	7.2	
335.09845	3071848	11.5	422113	1.7	
335.11363	12912492	54.7	372534	7.2	
335.14996	2840437	10.5	413843	1.6	
336.08503	6910051	28.4	375106	3.8	
336.11686	2903147	10.8	381034	1.6	
336.12142	3459180	13.2	366381	1.9	
337.05657	2643288	9.6	374441	1.5	
337.07168	2871643	10.6	417162	1.6	
337.09290	17860960	76.5	364490	9.9	
337.10814	7760229	32.1	375976	4.3	
337.12930	5990762	24.3	402962	3.3	
337.23845	5816709	23.6	381695	3.2	
337.31117	3080599	11.5	389989	1.7	
338.07966	3235415	12.2	371495	1.8	
338.09621	2469467	8.9	373175	1.4	
338.10071	6269532	25.5	385961	3.5	
339.07215	6576973	26.9	374585	3.7	
339.08740	6959953	28.6	380298	3.9	
339.10856	13540181	57.5	357616	7.5	
339.12388	2473817	8.9	404923	1.4	
339.25412	7136122	29.3	385967	4.0	
339.32683	15948683	68.1	362829	8.9	
340.07997	3534916	13.5	403739	2.0	
340.09517	5470280	22.0	337500	3.0	
340.11638	4537421	17.9	352226	2.5	
340.33013	3121281	11.7	402655	1.7	
341.06670	6548788	26.8	366285	3.6	
341.08782	10833209	45.6	355666	6.0	
341.10304	13389117	56.8	359235	7.4	
341.10894	10489150	44.1	365703	5.8	
341.12418	7179586	29.5	378948	4.0	
341.19693	3997012	15.6	382753	2.2	
341.23329	2760029	10.1	336001	1.5	
341.26974	9397605	39.3	369130	5.2	
342.07452	5346856	21.5	368538	3.0	
342.09562	5363245	21.6	392850	3.0	
342.10649	2895407	10.7	386589	1.6	
342.11088	4664881	18.5	353311	2.6	
342.13201	2500661	9.0	347633	1.4	
343.04588	3127056	11.6	404880	1.7	
343.08234	14429977	60.8	367750	8.0	
343.10346	10329886	43.0	338787	5.7	
343.11871	11022114	46.0	364541	6.1	
343.21260	4151096	16.1	360592	2.3	
344.05382	2654720	9.6	354756	1.5	
344.08577	3253256	12.2	381104	1.8	
344.09014	7530505	30.8	372157	4.2	
344.11132	3226638	12.1	421298	1.8	
344.12651	3020817	11.2	379935	1.7	
345.06157	7428334	30.3	376586	4.1	
345.08275	3632371	13.8	360557	2.0	
345.09797	20517110	87.3	359957	11.4	
345.11907	5103868	20.2	367970	2.8	
345.13436	4919551	19.4	393391	2.7	
346.06943	4256218	16.5	410168	2.4	
346.09051	2611679	9.4	375966	1.4	
346.10140	3386849	12.8	340780	1.9	
346.10580	9454050	39.2	361882	5.2	
347.07724	13333188	56.0	368724	7.4	
347.09841	5427913	21.6	366453	3.0	
347.11361	19108556	81.2	360665	10.6	
347.14995	4557525	17.9	368626	2.5	
348.08059	2650540	9.6	327371	1.5	
348.08508	7058349	28.7	366583	3.9	
348.11708	3985332	15.4	353763	2.2	
348.12148	4765622	18.8	340699	2.6	
349.05644	3430540	12.9	377103	1.9	
349.09289	17536148	74.3	362150	9.7	
349.09481	5627029	22.5	289805	3.1	
349.11397	3531929	13.4	354962	2.0	
349.12927	8064157	33.1	363265	4.5	
349.16572	2662565	9.6	382526	1.5	
350.07955	2612085	9.4	260340	1.4	
350.09631	3776889	14.5	410766	2.1	
350.10073	7325050	29.9	348309	4.1	
351.07212	5555797	22.2	400056	3.1	
351.08735	4351577	17.0	375974	2.4	
351.10854	16152157	68.3	358568	9.0	
351.14478	3451494	13.0	348055	1.9	
352.07997	3750712	14.3	392677	2.1	
352.09530	3487547	13.2	375308	1.9	
352.11190	2638655	9.5	307292	1.5	
352.11636	5812032	23.3	365240	3.2	
353.06660	3185684	11.9	369273	1.8	
353.08781	10266649	42.7	355815	5.7	
353.10306	10430492	43.4	356406	5.8	
353.12420	8747041	36.1	357473	4.9	
353.23340	3170361	11.8	398489	1.8	
353.34248	14784594	62.4	355494	8.2	
354.07457	3683572	14.0	365117	2.0	
354.09563	5370105	21.4	363188	3.0	
354.11084	3082492	11.4	397914	1.7	
354.34580	4217136	16.4	391058	2.3	
355.08233	13154771	54.7	353658	7.3	
355.10345	11946455	49.5	355716	6.6	
355.11872	15706587	65.7	352792	8.7	
355.24901	6529528	26.2	348836	3.6	
355.28540	8253952	33.6	348903	4.6	
356.08579	3083951	11.3	326107	1.7	
356.09012	5503664	21.8	332985	3.1	
356.09604	3507889	13.1	370076	1.9	
356.10688	2485940	8.7	384672	1.4	
356.11127	4685493	18.2	349447	2.6	
356.12209	4088503	15.7	315086	2.3	
357.06163	4445060	17.2	376489	2.5	
357.08269	4748169	18.5	366390	2.6	
357.09797	16190348	67.8	346064	9.0	
357.11907	7529361	30.5	345510	4.2	
357.13432	4281236	16.5	357957	2.4	
357.26466	6054833	24.1	343330	3.4	
358.06940	4719711	18.4	345543	2.6	
358.09048	2575972	9.1	358001	1.4	
358.10134	3693670	13.9	348056	2.1	
358.10583	5536871	21.9	350964	3.1	
359.07724	9370937	38.4	349202	5.2	
359.09835	7628094	30.9	336278	4.2	
359.11363	18967872	79.8	343557	10.5	
359.15005	2891081	10.5	410816	1.6	
360.08510	5721618	22.7	354462	3.2	
360.10628	3020311	11.0	400127	1.7	
360.11693	3924505	14.9	353068	2.2	
360.12148	4391450	17.0	302514	2.4	
361.09289	18702058	78.6	341406	10.4	
361.11401	5680879	22.5	366161	3.2	
361.12926	9410290	38.6	331607	5.2	
361.20465	5152514	20.2	331424	2.9	
362.09630	3690432	13.9	305039	2.0	
362.10068	7225281	29.2	340848	4.0	
362.26736	8992740	36.8	343682	5.0	
363.07215	4908175	19.2	332263	2.7	
363.10854	16642199	69.8	342549	9.2	
363.14486	3548319	13.3	341592	2.0	
364.07996	2724709	9.8	327810	1.5	
364.11196	3950955	15.1	332819	2.2	
364.11637	4548972	17.6	379160	2.5	
365.06664	2556469	9.0	387280	1.4	
365.08783	8768057	35.8	350517	4.9	
365.10311	3113532	11.4	289377	1.7	
365.10906	2803262	10.1	345799	1.6	
365.12419	9814593	40.3	338431	5.4	
365.34246	2474607	8.7	364950	1.4	
366.07445	2897672	10.5	396042	1.6	
366.09563	5372685	21.2	368121	3.0	
366.13203	3201813	11.8	399934	1.8	
367.08237	5628892	22.1	341650	3.1	
367.10347	11953120	49.0	316442	6.6	
367.10541	6683617	26.6	316087	3.7	
367.11872	20071396	83.7	337008	11.1	
367.13982	4307944	16.4	367629	2.4	
367.28532	2562054	9.0	356110	1.4	
367.35814	47563796	201.0	329866	26.4	
368.09011	4633774	17.8	350102	2.6	
368.10703	3029170	11.0	270062	1.7	
368.11131	5037235	19.5	282153	2.8	
368.12206	4086965	15.5	348383	2.3	
368.36152	11855079	48.6	334422	6.6	
369.08276	4043133	15.3	373162	2.2	
369.09796	9672064	39.3	337748	5.4	
369.11909	9962884	40.5	338255	5.5	
369.13436	3848584	14.5	362382	2.1	
369.30102	19482026	81.2	334379	10.8	
370.10582	5578322	21.8	342288	3.1	
370.12690	4293206	16.4	317349	2.4	
370.30434	5135995	19.9	314394	2.9	
371.04073	2733843	9.7	372865	1.5	
371.07726	6893339	27.4	337324	3.8	
371.09838	7978783	32.1	345443	4.4	
371.11361	16725794	69.4	333552	9.3	
371.13475	4345639	16.6	367281	2.4	
371.15007	2638634	9.3	364839	1.5	
371.24382	2657085	9.4	344020	1.5	
372.08061	2532331	8.8	386938	1.4	
372.08510	5130220	19.9	354684	2.8	
372.10611	3428336	12.7	360404	1.9	
372.11705	3397618	12.5	360077	1.9	
372.12151	5412851	21.1	311885	3.0	
373.09290	15595708	64.6	318591	8.7	
373.11399	6914240	27.5	335018	3.8	
373.12929	13072579	53.8	332950	7.3	
373.25957	2579678	9.0	376353	1.4	
374.09623	2605451	9.1	323782	1.4	
374.10072	6250892	24.7	355388	3.5	
374.13269	2739602	9.7	330558	1.5	
374.13714	3171731	11.6	330783	1.8	
375.07220	6120020	24.1	335602	3.4	
375.09337	3122264	11.4	294991	1.7	
375.10852	17398364	72.3	330436	9.7	
375.12963	3070560	11.1	313272	1.7	
375.14488	6636131	26.3	343910	3.7	
376.07996	3568419	13.3	354072	2.0	
376.11198	3181354	11.6	334184	1.8	
376.11636	6513451	25.8	345227	3.6	
377.08778	12680179	52.1	330901	7.0	
377.10307	2896886	10.4	323286	1.6	
377.10900	4017143	15.2	388421	2.2	
377.12415	17361914	72.1	316859	9.6	
377.16043	2519042	8.8	365063	1.4	
378.09564	5313730	20.7	364532	2.9	
378.12751	3742921	14.0	312044	2.1	
378.13206	3877066	14.6	338718	2.2	
379.06711	2639242	9.3	362874	1.5	
379.08232	2840973	10.1	383104	1.6	
379.10347	12930449	53.2	322474	7.2	
379.11866	3030420	11.0	374212	1.7	
379.12460	3224982	11.8	308004	1.8	
379.13986	6729113	26.7	325662	3.7	
380.07501	2811481	10.0	364673	1.6	
380.09014	3148380	11.5	325743	1.7	
380.11127	6532705	25.9	336665	3.6	
380.97649	3768083	13.9	342374	2.1	
381.08273	5046057	19.3	355436	2.8	
381.09799	7442220	29.5	323363	4.1	
381.11912	10592048	42.7	328350	5.9	
381.13436	3270451	11.8	324435	1.8	
381.15555	2808631	9.9	348714	1.6	
381.31628	24498008	101.4	324789	13.6	
381.33750	2544477	8.8	377493	1.4	
381.37380	31649636	131.6	322728	17.6	
382.06944	2571252	8.9	362892	1.4	
382.09059	3426296	12.5	340828	1.9	
382.10575	3919867	14.6	327574	2.2	
382.12684	3671039	13.5	327309	2.0	
382.31963	7055399	27.8	323790	3.9	
382.37716	7733299	30.7	347514	4.3	
383.07722	4729027	18.0	352723	2.6	
383.09834	7231688	28.6	337041	4.0	
383.11364	21696714	89.6	322668	12.0	
383.13473	6340815	24.8	340980	3.5	
383.28038	2842861	10.0	361316	1.6	
383.31668	23236852	96.1	322644	12.9	
384.08508	4054419	15.2	319949	2.3	
384.10618	4546968	17.2	356757	2.5	
384.11697	4372890	16.5	344653	2.4	
384.12146	4944283	18.9	336777	2.7	
384.32009	5663172	21.9	347129	3.1	
385.09290	18682468	76.9	314710	10.4	
385.11400	9765479	39.3	322596	5.4	
385.12930	18502250	76.1	330134	10.3	
386.09623	3661619	13.5	311822	2.0	
386.10072	4852532	18.5	327035	2.7	
386.12185	4639544	17.6	341508	2.6	
386.13269	4430650	16.7	352610	2.5	
387.07225	3680253	13.6	337907	2.0	
387.10854	20771844	85.7	322200	11.5	
387.12966	6687753	26.3	345514	3.7	
387.14489	7142412	28.2	315156	4.0	
388.08006	3525838	12.9	353986	2.0	
388.11198	3199189	11.5	376814	1.8	
388.11635	6636758	26.0	331917	3.7	
389.08781	8766880	35.0	328755	4.9	
389.10895	4572580	17.3	367428	2.5	
389.12419	15250855	62.4	320325	8.5	
389.16065	3256751	11.8	331672	1.8	
390.09565	5236338	20.1	330658	2.9	
390.12755	3639929	13.4	338722	2.0	
390.13204	4072058	15.2	301106	2.3	
390.29883	3463837	12.7	318579	1.9	
391.10347	13338437	54.3	311441	7.4	
391.12466	3285834	11.9	353318	1.8	
391.13982	10250061	41.3	325270	5.7	
392.09013	2545684	8.8	357882	1.4	
392.10669	2503704	8.6	383816	1.4	
392.11129	6553625	25.7	311216	3.6	
392.14762	2979360	10.6	287145	1.7	
393.08278	5787877	22.5	321675	3.2	
393.09801	3476712	12.7	349605	1.9	
393.11913	15673581	64.2	311768	8.7	
393.15566	3033333	10.8	293500	1.7	
394.09053	4815290	18.4	327324	2.7	
394.10588	2743229	9.6	284295	1.5	
394.12255	3333569	12.1	343752	1.9	
394.12694	5167554	19.8	335115	2.9	
395.07719	3520139	12.7	324096	2.0	
395.09840	9898640	39.4	338133	5.5	
395.11366	6238867	24.1	306714	3.5	
395.13476	7633560	29.9	311923	4.2	
395.31668	3115710	11.1	361334	1.7	
395.38945	32144078	132.2	311435	17.8	
396.08508	3515234	12.7	325959	2.0	
396.10623	6366055	24.6	327557	3.5	
396.12149	3046250	10.8	314375	1.7	
396.14247	3412846	12.3	354926	1.9	
396.30348	4326289	16.1	334272	2.4	
396.39279	9288612	36.8	312327	5.2	
397.09294	6558778	25.4	309463	3.6	
397.11400	10902590	43.5	320082	6.1	
397.12929	10116161	40.3	316557	5.6	
397.15029	3781702	13.8	264172	2.1	
397.31122	2759784	9.6	384399	1.5	
397.33233	37739628	155.5	307398	20.9	
398.10075	4705554	17.7	318484	2.6	
398.12184	4353303	16.2	330107	2.4	
398.33569	9416004	37.3	319914	5.2	
399.07219	3219940	11.5	335149	1.8	
399.09338	3200488	11.4	315989	1.8	
399.10857	12414443	49.8	309199	6.9	
399.12969	7351792	28.7	322900	4.1	
399.14496	5215731	19.8	327066	2.9	
399.29041	2595347	8.9	290782	1.4	
400.11188	2651845	9.1	367273	1.5	
400.11639	5619398	21.5	321828	3.1	
400.13762	2794187	9.7	317151	1.6	
401.08777	6772634	26.3	328624	3.8	
401.10890	4566942	17.1	315047	2.5	
401.12418	19701666	80.2	302342	10.9	
401.14524	2495398	8.5	337473	1.4	
401.16059	4495274	16.8	304828	2.5	
401.30610	7878602	30.9	325392	4.4	
402.09552	4088951	15.1	331653	2.3	
402.11686	2714747	9.4	329891	1.5	
402.12748	4117630	15.2	311828	2.3	
402.13196	6135935	23.7	320251	3.4	
403.10345	11616596	46.5	293627	6.4	
403.12459	5824857	22.4	323229	3.2	
403.13985	13324637	53.6	306932	7.4	
404.10673	3382835	12.2	323590	1.9	
404.11133	5700148	21.8	328581	3.2	
404.14322	3343931	12.0	347055	1.9	
404.14774	3438140	12.4	336429	1.9	
405.08277	4145932	15.3	311703	2.3	
405.09811	2705168	9.3	358923	1.5	
405.11910	11244308	45.0	306969	6.2	
405.15553	7443229	29.1	323552	4.1	
406.12691	4819959	18.2	308414	2.7	
407.09836	6055122	23.3	309629	3.4	
407.11366	3899605	14.3	312009	2.2	
407.13478	9827546	39.0	305305	5.5	
407.17125	2673890	9.2	334943	1.5	
408.10616	3597751	13.1	298277	2.0	
408.12155	2726842	9.4	271566	1.5	
408.14266	3744191	13.7	303120	2.1	
409.09277	3201688	11.4	327271	1.8	
409.11402	7988893	31.4	307652	4.4	
409.12929	4682401	17.6	293284	2.6	
409.15049	4474534	16.7	322648	2.5	
409.40515	7063264	27.5	307898	3.9	
410.12191	3832709	14.0	280834	2.1	
410.40861	2533320	8.6	317627	1.4	
411.09335	3470438	12.4	324193	1.9	
411.10854	8824938	34.5	311463	4.9	
411.12961	6850671	26.3	298392	3.8	
411.14471	3130482	11.0	310540	1.7	
411.34799	22735010	91.9	293914	12.6	
412.11190	3065172	10.7	328476	1.7	
412.11632	3140949	11.0	330608	1.7	
412.13758	3297626	11.7	319024	1.8	
412.29835	6138240	23.4	299830	3.4	
412.35136	5390733	20.3	317151	3.0	
413.08783	4275770	15.7	310170	2.4	
413.10890	5788223	21.9	278224	3.2	
413.12417	9837122	38.6	297873	5.5	
413.14538	3949127	14.4	328575	2.2	
414.09573	3612457	13.0	305607	2.0	
414.11677	3349294	11.9	305706	1.9	
414.13210	4195122	15.4	320283	2.3	
415.10342	9997337	39.3	304976	5.5	
415.12454	5811231	22.0	313416	3.2	
415.13983	18484258	74.3	294425	10.3	
415.32177	60812364	249.0	295149	33.8	
416.11128	5422348	20.4	298418	3.0	
416.14325	3972372	14.4	323743	2.2	
416.14768	3656981	13.1	297757	2.0	
416.32510	19090752	76.8	302662	10.6	
417.08272	2676216	9.1	359387	1.5	
417.11912	12451328	49.4	300628	6.9	
417.14019	2845190	9.8	318363	1.6	
417.15547	16551433	66.3	293924	9.2	
417.32838	2611764	8.8	359844	1.4	
418.12239	2500342	8.4	356036	1.4	
418.12688	6412023	24.5	304112	3.6	
418.15881	3890943	14.1	322824	2.2	
419.09833	6371302	24.3	293274	3.5	
419.13474	12337135	49.0	292341	6.8	
419.17114	13066232	52.0	293334	7.3	
420.10625	4237536	15.5	302665	2.4	
420.13822	3023080	10.5	313523	1.7	
420.14256	4880617	18.2	330742	2.7	
420.17444	3827953	13.8	300802	2.1	
421.09285	2731479	9.3	329048	1.5	
421.11401	10060252	39.6	289711	5.6	
421.12930	4332000	15.9	316308	2.4	
421.15040	10670565	42.1	297066	5.9	
422.10067	2687700	9.1	303062	1.5	
422.11732	3320537	11.8	291698	1.8	
422.12180	7008986	27.0	288697	3.9	
423.10858	5155796	19.3	316779	2.9	
423.12969	12547033	49.8	294700	7.0	
423.14481	2521053	8.5	320408	1.4	
423.34797	9548817	37.4	300790	5.3	
423.42080	11502627	45.5	306511	6.4	
424.11644	2499797	8.4	386876	1.4	
424.13759	4107483	15.0	324743	2.3	
424.35149	3022097	10.5	319438	1.7	
424.42399	3947812	14.3	282273	2.2	
425.08794	3510735	12.5	315065	1.9	
425.10901	5750228	21.8	320608	3.2	
425.12416	7843288	30.4	296448	4.4	
425.14533	4976094	18.6	310142	2.8	
425.36364	41743892	170.3	291110	23.2	
426.09559	2836179	9.8	265027	1.6	
426.11671	3666649	13.2	307120	2.0	
426.13204	3158749	11.1	340234	1.8	
426.36699	9856794	38.7	292881	5.5	
427.10344	8386522	32.6	295294	4.7	
427.12452	5543903	20.9	303995	3.1	
427.13989	6311907	24.1	317455	3.5	
428.11133	4296930	15.6	324890	2.4	
428.13236	3263719	11.4	359952	1.8	
428.14305	2645226	8.9	294232	1.5	
428.14784	2702571	9.1	302139	1.5	
429.10400	3537384	12.5	303023	2.0	
429.11918	9652715	37.4	288842	5.4	
429.14018	3358193	11.8	313178	1.9	
429.15553	4893173	18.0	334409	2.7	
430.12699	6351607	24.0	276004	3.5	
431.09836	5381114	20.0	299168	3.0	
431.11940	5276672	19.6	284745	2.9	
431.13476	17988612	71.4	287852	10.0	
431.17104	2752526	9.3	324286	1.5	
431.31658	2517045	8.3	314012	1.4	
432.10618	3246345	11.3	292467	1.8	
432.13820	3460370	12.2	318566	1.9	
432.14248	4826387	17.7	311779	2.7	
433.11399	7609881	29.1	284089	4.2	
433.12919	2735645	9.2	304515	1.5	
433.13518	3230239	11.2	296026	1.8	
433.15042	29613602	118.8	282925	16.4	
434.12186	4734763	17.4	288142	2.6	
434.13684	2582319	8.6	318113	1.4	
434.15373	5693236	21.3	279528	3.2	
434.15813	2718005	9.1	267220	1.5	
435.10857	2814009	9.5	264478	1.6	
435.12972	7993407	30.6	295899	4.4	
435.14503	2729027	9.2	280245	1.5	
435.16610	4069448	14.7	296459	2.3	
436.11641	2697550	9.1	283480	1.5	
436.13743	4087123	14.7	292338	2.3	
437.10889	4178528	15.1	312876	2.3	
437.12429	3828324	13.7	327475	2.1	
437.14540	6285930	23.7	286079	3.5	
437.43632	2581691	8.6	254863	1.4	
438.11667	2890616	9.8	284460	1.6	
438.26219	2551712	8.5	311885	1.4	
439.10351	3434635	12.1	316779	1.9	
439.12465	6225041	23.4	295656	3.5	
439.13987	4109462	14.8	321586	2.3	
439.16105	3028123	10.4	316306	1.7	
439.37931	16344281	64.7	288328	9.1	
440.13227	3387820	11.9	248025	1.9	
440.38260	5608947	20.9	291118	3.1	
441.11904	5562051	20.7	266752	3.1	
441.14022	4013769	14.4	311457	2.2	
441.15553	3755725	13.4	325973	2.1	
442.12694	2844641	9.7	277377	1.6	
443.09838	3589365	12.7	323622	2.0	
443.13473	6451456	24.4	274259	3.6	
444.10619	3234326	11.2	294321	1.8	
444.14250	2955808	10.1	315771	1.6	
445.11398	6286136	23.7	290278	3.5	
445.13519	2907966	9.9	319040	1.6	
445.15040	6116163	23.0	280212	3.4	
446.12193	3375196	11.8	254720	1.9	
447.09328	2645366	8.7	301997	1.5	
447.12968	8142208	30.8	289685	4.5	
447.14480	2856325	9.6	305788	1.6	
447.16602	3820939	13.4	304289	2.1	
448.13758	4353703	15.6	283619	2.4	
448.31953	2568924	8.4	265276	1.4	
449.10902	4906947	17.8	286125	2.7	
449.12419	3299272	11.3	314321	1.8	
449.13008	4620233	16.7	287144	2.6	
449.14535	9744334	37.3	284143	5.4	
449.43647	2524195	8.2	265042	1.4	
450.11671	3685612	12.9	298789	2.0	
450.15318	3097847	10.5	311354	1.7	
451.10357	3089936	10.5	327653	1.7	
451.12468	5945878	22.0	275347	3.3	
451.13981	4246042	15.2	298150	2.4	
451.16098	5632545	20.7	260647	3.1	
451.37930	4901473	17.8	287521	2.7	
451.45203	4518519	16.3	289483	2.5	
452.11120	2927419	9.8	289477	1.6	
452.13252	3885889	13.7	291243	2.2	
453.10378	2783331	9.3	297730	1.5	
453.11911	4586599	16.5	296231	2.5	
453.14024	6110318	22.7	254539	3.4	
453.15527	2737266	9.1	313301	1.5	
453.30086	2822301	9.4	280799	1.6	
453.39494	15566009	60.7	265689	8.6	
454.12692	2861461	9.6	297557	1.6	
454.39825	4986342	18.1	280667	2.8	
455.09826	3572409	12.4	275003	2.0	
455.11945	3848895	13.6	289588	2.1	
455.13481	7661252	28.9	283650	4.3	
455.15593	3244746	11.1	247887	1.8	
455.31680	3230459	11.1	284479	1.8	
456.12724	3754991	13.2	278267	2.1	
456.13812	2619378	8.6	253583	1.5	
456.14256	3325940	11.4	301444	1.8	
457.11398	4655386	16.8	276297	2.6	
457.13523	4178208	14.9	287552	2.3	
457.15041	7211301	27.1	297834	4.0	
457.31717	2522456	8.2	325261	1.4	
458.12185	3781196	13.3	261044	2.1	
459.09320	2512757	8.2	295574	1.4	
459.12971	7547776	28.4	283776	4.2	
459.16609	4488075	16.1	291414	2.5	
460.13744	4087989	14.5	268951	2.3	
461.07260	4429268	15.9	281497	2.5	
461.10891	3788255	13.3	316735	2.1	
461.12430	3106276	10.6	306597	1.7	
461.14531	7777770	29.4	269781	4.3	
462.11666	2723606	9.0	283679	1.5	
462.15316	3403553	11.8	285325	1.9	
463.06712	8372284	31.7	262754	4.6	
463.12457	6725710	25.1	282789	3.7	
463.13976	3643474	12.7	305546	2.0	
463.16096	5204057	19.0	293210	2.9	
464.13245	3713415	13.0	309916	2.1	
465.11909	4332218	15.5	292710	2.4	
465.14027	6226625	23.1	284284	3.5	
465.15549	4217541	15.0	275231	2.3	
465.17650	2761420	9.2	257680	1.5	
466.12699	2585589	8.5	257886	1.4	
466.14807	2867195	9.6	291851	1.6	
467.11948	3619116	12.4	277131	2.0	
467.13470	6233393	22.8	270908	3.5	
467.15602	4359480	15.4	270565	2.4	
467.17122	3061052	10.2	293027	1.7	
467.41060	7892360	29.4	255920	4.4	
468.14254	3084910	10.3	297670	1.7	
468.41408	3199683	10.8	277313	1.8	
469.11392	4771744	17.0	275607	2.6	
469.13517	4194215	14.7	273402	2.3	
469.15051	4626348	16.4	303239	2.6	
469.29592	6649818	24.5	259725	3.7	
470.14300	2564325	8.2	291204	1.4	
471.12970	5716511	20.8	262563	3.2	
471.15079	2935333	9.7	315146	1.6	
471.16608	4385322	15.5	276578	2.4	
471.31153	2514520	8.0	254995	1.4	
472.13744	3388255	11.5	308650	1.9	
473.10897	4070549	14.2	275980	2.3	
473.14528	6431905	23.6	274854	3.6	
473.28253	5856460	21.3	281392	3.3	
474.11689	3656151	12.6	284795	2.0	
474.15311	2534883	8.1	270713	1.4	
475.12462	5474075	19.8	270123	3.0	
475.16096	5697318	20.7	284714	3.2	
476.13234	3843166	13.3	254155	2.1	
477.11916	3773852	13.0	275404	2.1	
477.14024	7139747	26.4	265424	4.0	
477.15547	5112232	18.3	259787	2.8	
477.17665	3044783	10.1	302033	1.7	
477.46774	3010061	10.0	275243	1.7	
478.14805	3544809	12.1	251973	2.0	
479.06208	2508817	8.0	264131	1.4	
479.09806	2731036	8.9	253385	1.5	
479.11950	4457507	15.7	262803	2.5	
479.13471	5807144	21.1	265056	3.2	
479.15593	5780527	21.0	269495	3.2	
479.17091	3224628	10.9	264856	1.8	
480.12737	3090794	10.3	302383	1.7	
481.11403	4140715	14.5	293052	2.3	
481.13502	5058226	18.1	270294	2.8	
481.15042	6588087	24.2	272760	3.7	
481.17145	3604158	12.4	261718	2.0	
481.42632	7845649	29.2	259433	4.4	
482.12199	2949108	9.8	302176	1.6	
482.14296	2649083	8.6	323784	1.5	
482.42954	2527832	8.1	227489	1.4	
483.12962	5046589	18.1	273786	2.8	
483.15087	4668740	16.6	241468	2.6	
483.16599	4471113	15.8	284532	2.5	
484.13747	3231367	10.9	290718	1.8	
485.06890	2513849	8.0	288577	1.4	
485.10877	3752902	12.9	257487	2.1	
485.14535	5538770	20.0	264899	3.1	
485.16633	3139545	10.5	246515	1.7	
485.29091	4280322	15.0	243986	2.4	
486.11700	2532113	8.1	243835	1.4	
487.12467	4865629	17.4	264721	2.7	
487.16101	5064297	18.1	281487	2.8	
487.18203	5068400	18.2	268105	2.8	
488.13253	2811817	9.2	333832	1.6	
488.16861	2615221	8.4	286765	1.5	
489.14022	5787895	20.7	246117	3.2	
489.15549	3389691	11.3	288417	1.9	
489.17666	4026626	13.8	267463	2.2	
489.28576	2726182	8.7	293067	1.5	
490.14810	3068484	10.1	265409	1.7	
491.11950	4004742	13.7	255603	2.2	
491.13457	3298187	11.0	272971	1.8	
491.15586	5170066	18.3	258613	2.9	
492.12720	2695381	8.6	268367	1.5	
492.16380	2657505	8.5	260622	1.5	
493.07763	10761745	40.1	261732	6.0	
493.11404	3030557	9.9	227065	1.7	
493.13508	5482020	19.5	259080	3.0	
493.15026	5586473	19.9	247205	3.1	
493.17142	3252784	10.8	268887	1.8	
494.08066	2522719	7.9	185314	1.4	
495.12964	4473021	15.6	264323	2.5	
495.15069	5583044	19.9	241304	3.1	
495.16617	4860105	17.1	285887	2.7	
496.13743	2963982	9.7	291910	1.6	
496.15871	2579989	8.2	278512	1.4	
497.12994	2512730	7.9	246831	1.4	
497.14535	4977503	17.5	241907	2.8	
497.18191	2752363	8.8	293261	1.5	
498.11655	3174564	10.5	285432	1.8	
498.29859	3384545	11.3	275884	1.9	
499.12452	3843574	13.1	240871	2.1	
499.14563	3292669	10.9	264810	1.8	
499.16098	5142019	18.2	264273	2.9	
499.30651	3266099	10.8	258859	1.8	
501.14013	4333723	15.0	226043	2.4	
501.17659	3274920	10.9	280497	1.8	
501.32213	5609689	20.0	257053	3.1	
502.14809	3670510	12.4	263695	2.0	
503.11942	3462966	11.6	250889	1.9	
503.15594	4784962	16.8	277112	2.7	
504.16381	2647190	8.4	292060	1.5	
505.13522	3642845	12.3	276213	2.0	
505.15034	3003875	9.8	332953	1.7	
505.17149	3555818	12.0	268137	2.0	
506.14298	3869490	13.2	234551	2.1	
507.15072	3707014	12.5	287980	2.1	
507.16600	4335756	15.0	245576	2.4	
508.16924	2910687	9.4	224357	1.6	
509.07270	2501393	7.8	266788	1.4	
509.13025	2831140	9.1	299907	1.6	
509.14537	4397865	15.2	241236	2.4	
509.16614	3077936	10.1	268321	1.7	
509.18167	3157813	10.4	253705	1.8	
511.12437	3665351	12.4	281767	2.0	
511.14554	2995663	9.8	240624	1.7	
511.16113	5043668	17.8	253667	2.8	
513.14030	5003379	17.3	251173	2.8	
513.16147	3343482	10.9	270339	1.9	
513.17657	3008639	9.6	279321	1.7	
514.20567	5317085	18.5	247614	3.0	
515.15576	4698911	16.1	249419	2.6	
515.21333	2861875	9.1	316394	1.6	
515.30144	2591569	8.0	327893	1.4	
516.16366	3056757	9.8	284241	1.7	
517.13501	3762623	12.5	246924	2.1	
517.15039	2880964	9.1	246462	1.6	
517.17157	3132876	10.1	276853	1.7	
517.31703	21128700	79.3	230996	11.7	
518.32046	6770514	24.1	254337	3.8	
519.15076	4810860	16.6	255836	2.7	
519.16626	3001457	9.6	278295	1.7	
519.18734	2723960	8.5	277023	1.5	
520.15866	2531778	7.8	262059	1.4	
521.14530	4926226	17.0	237513	2.7	
521.16651	3896089	13.0	260450	2.2	
522.15326	3062888	9.8	228092	1.7	
523.12461	3344818	10.9	274335	1.9	
523.14571	4554169	15.6	232559	2.5	
523.16092	6469055	22.9	240742	3.6	
524.15332	3177232	10.3	235715	1.8	
525.14033	4182111	14.1	269706	2.3	
525.16126	3091558	9.9	259059	1.7	
525.17662	5797995	20.4	252616	3.2	
527.11914	2667263	8.3	256887	1.5	
527.14093	2925318	9.3	254252	1.6	
527.15582	4283147	14.5	237916	2.4	
527.19214	2941720	9.4	257427	1.6	
528.16396	3318881	10.8	237937	1.8	
529.13508	2718123	8.5	252975	1.5	
529.17146	3827127	12.8	244199	2.1	
531.15075	3815510	12.7	272668	2.1	
531.16595	3032155	9.7	237618	1.7	
531.29639	3105928	10.0	252816	1.7	
533.16649	4006657	13.5	250369	2.2	
533.18196	3565318	11.8	236599	2.0	
533.31197	5460786	19.0	247757	3.0	
535.16103	4525476	15.4	226997	2.5	
535.18221	2954667	9.4	282088	1.6	
537.14027	3676224	12.2	209091	2.0	
537.16134	3074119	9.9	291636	1.7	
537.17652	5089356	17.6	238916	2.8	
539.11954	2725083	8.5	213089	1.5	
539.15578	4610791	15.8	245119	2.6	
540.16354	2878523	8.9	217816	1.6	
541.13528	3512705	11.3	234008	1.9	
541.15642	2858376	8.9	234289	1.6	
541.17157	5178766	17.6	260031	2.9	
543.15084	4165670	13.8	226770	2.3	
543.18717	2518066	7.6	294416	1.4	
545.16642	3764937	12.3	251268	2.1	
546.39254	16043107	58.7	225441	8.9	
547.14611	2943327	9.2	217780	1.6	
547.16116	2772324	8.5	267372	1.5	
547.18216	3234155	10.3	245958	1.8	
547.39588	5088691	17.3	231314	2.8	
549.16127	2929663	9.1	241637	1.6	
549.17663	4036613	13.3	255627	2.2	
551.15602	5229208	17.8	233417	2.9	
551.17712	2781855	8.6	244676	1.5	
551.19238	4813476	16.2	245139	2.7	
553.13538	3103017	9.8	240628	1.7	
553.15626	2665776	8.1	237699	1.5	
553.17139	6563125	22.8	230437	3.6	
553.20778	2726209	8.4	242792	1.5	
555.15077	3686342	12.0	253544	2.0	
555.18714	5650386	19.4	245871	3.1	
557.12993	2802261	8.6	231659	1.6	
557.16645	3278433	10.4	237105	1.8	
557.20288	3070573	9.7	223686	1.7	
559.14576	3347695	10.7	228254	1.9	
559.16081	2879732	8.9	234118	1.6	
559.18201	4015355	13.2	234106	2.2	
561.16111	3901320	12.8	233119	2.2	
561.17651	4362125	14.5	245144	2.4	
563.15587	3398170	10.9	233594	1.9	
563.17710	3039777	9.5	234196	1.7	
563.19220	4393510	14.6	222814	2.4	
564.18472	2713452	8.3	207531	1.5	
565.17162	4850865	16.4	238002	2.7	
565.19212	2532535	7.6	198776	1.4	
565.20782	3984573	13.1	217820	2.2	
567.15095	3227451	10.2	264017	1.8	
567.18711	10368839	37.2	230500	5.8	
568.19065	3342480	10.7	234454	1.9	
569.16670	4473296	14.6	231464	2.5	
569.20285	4184540	13.6	242140	2.3	
570.17419	2542362	7.5	250781	1.4	
571.14601	3873881	12.4	231997	2.2	
571.18211	4949093	16.4	234473	2.7	
572.46578	3650057	11.6	219734	2.0	
573.16129	3231468	10.0	251381	1.8	
573.17650	2630385	7.8	235791	1.5	
573.19809	3759864	12.0	242152	2.1	
575.17724	4333951	14.1	243122	2.4	
575.19254	3087748	9.5	219168	1.7	
575.57716	2639362	7.8	253104	1.5	
576.12730	6691510	22.8	222632	3.7	
577.15639	2833413	8.6	250121	1.6	
579.15050	2601616	7.7	221456	1.4	
579.17196	2815639	8.5	238113	1.6	
579.18708	5523100	18.5	234859	3.1	
581.16638	4552993	14.9	224773	2.5	
581.18785	2696488	8.0	206000	1.5	
581.20278	8395053	29.2	206343	4.7	
582.20626	2788980	8.4	248417	1.5	
583.14556	2882469	8.7	263115	1.6	
583.18190	5262257	17.5	225011	2.9	
583.21855	3107773	9.6	228537	1.7	
584.46566	3125587	9.6	200247	1.7	
585.16148	3806773	12.2	215248	2.1	
585.19774	5334593	17.8	222921	3.0	
586.48123	6690787	22.8	219451	3.7	
587.17700	4069573	13.1	254731	2.3	
587.19213	2609354	7.7	226417	1.4	
587.21368	3130577	9.7	220683	1.7	
587.48465	2546985	7.5	261899	1.4	
589.17174	3835725	12.3	199262	2.1	
589.19249	3238740	10.0	249771	1.8	
589.59262	2879446	8.7	240538	1.6	
591.15078	3075536	9.4	235522	1.7	
591.17160	3201495	9.9	228588	1.8	
591.18714	3749340	11.9	222241	2.1	
593.16626	3852382	12.3	249643	2.1	
593.20278	7759978	26.8	218482	4.3	
594.20614	2691504	8.0	214138	1.5	
595.18188	4530925	14.8	206363	2.5	
595.21837	6511353	22.2	231056	3.6	
596.46595	2776205	8.3	232349	1.5	
597.19767	4814203	15.9	217870	2.7	
598.20181	2646720	7.8	198820	1.5	
598.48150	7003931	24.0	218351	3.9	
599.17693	3383293	10.6	217302	1.9	
599.21338	3287048	10.2	255469	1.8	
599.48472	2881632	8.7	176752	1.6	
600.49706	10469801	36.8	205896	5.8	
601.19253	4043402	13.0	221217	2.2	
601.22898	2777750	8.3	254189	1.5	
601.50024	3871470	12.4	248460	2.1	
603.18727	2551057	7.3	243803	1.4	
603.20826	3274008	9.9	254239	1.8	
605.20230	2701215	7.9	195635	1.5	
607.18193	3471905	10.7	230608	1.9	
609.16106	2710691	7.9	230371	1.5	
609.19760	5432495	17.8	189603	3.0	
609.23404	5311675	17.3	200157	2.9	
610.20552	2753014	8.0	214444	1.5	
611.17706	4335409	13.8	205084	2.4	
611.21330	5674813	18.6	209039	3.1	
612.49692	2918622	8.6	217478	1.6	
613.19268	4006335	12.6	226612	2.2	
614.51262	3658604	11.3	220869	2.0	
615.20814	4250702	13.5	199939	2.4	
619.18175	2581849	7.4	242471	1.4	
619.20333	2570592	7.4	204477	1.4	
620.57516	2686750	7.8	221370	1.5	
621.18323	2622436	7.6	179264	1.5	
621.19788	3067881	9.2	200314	1.7	
622.59029	4406702	14.0	202432	2.4	
623.21349	3235449	9.8	195793	1.8	
625.19273	3067134	9.2	229260	1.7	
626.51271	4424364	14.1	213611	2.5	
627.20819	3799951	11.8	249898	2.1	
628.52869	2569021	7.4	175636	1.4	
629.18754	2750997	8.0	226860	1.5	
629.22396	3673632	11.4	222337	2.0	
631.20301	2654375	7.7	203635	1.5	
637.19282	2999376	8.9	165148	1.7	
639.17193	2645721	7.6	172181	1.5	
639.20827	4960997	16.0	215824	2.8	
640.21180	2671663	7.5	205525	1.5	
641.09061	5086544	16.1	208861	2.8	
641.18774	3244400	9.6	202874	1.8	
641.22402	3880316	11.8	229331	2.2	
643.20326	2895879	8.3	192356	1.6	
643.23958	3465235	10.3	203919	1.9	
645.21882	2629279	7.4	213667	1.5	
647.21298	2616626	7.3	199710	1.5	
647.23452	2578745	7.2	213244	1.4	
649.21401	3421127	10.2	200722	1.9	
651.20818	2549340	7.1	185782	1.4	
653.18781	2989293	8.6	238656	1.7	
654.34081	3012204	8.7	181341	1.7	
655.20306	2860939	8.2	182430	1.6	
656.07757	4831406	15.2	199947	2.7	
657.21834	2921002	8.4	188915	1.6	
657.25538	2657847	7.5	247116	1.5	
659.23457	5039308	15.9	191472	2.8	
668.31974	3342519	9.9	224147	1.9	
669.12180	2811333	8.0	186007	1.6	
669.32820	2737675	7.7	196676	1.5	
673.22896	2968373	8.5	158435	1.6	
677.24494	2804876	8.0	160452	1.6	
684.37211	3172885	9.0	198324	1.8	
691.22376	2723667	7.5	195337	1.5	
761.24488	2889026	7.7	168706	1.6	
763.26019	2592808	6.7	178130	1.4	
775.26102	2698626	7.0	165910	1.5	
777.27689	3324015	9.1	128826	1.8	
799.94952	3643799	9.7	167309	2.0	
