m/z	I	S/N	Res.	I %	
149.02442	2611446	11.6	925664	1.3	
151.04007	10769506	54.1	830077	5.5	
153.01933	7200488	35.5	870392	3.7	
153.05572	4508395	21.5	796147	2.3	
155.03499	4077198	19.3	805463	2.1	
157.05063	3472980	16.1	861876	1.8	
157.12341	3746652	17.5	851650	1.9	
159.02989	4346679	20.6	846001	2.2	
161.04554	14869569	75.5	792654	7.6	
162.03224	3661009	17.0	853378	1.9	
162.05337	5588180	27.0	772806	2.9	
163.04006	5932397	28.8	799642	3.0	
163.06119	6465904	31.6	804806	3.3	
164.04788	3616274	16.7	836848	1.8	
165.01933	5392058	25.9	735770	2.8	
165.05571	7630528	37.5	752416	3.9	
166.02715	5794161	28.0	790702	3.0	
167.03498	11243568	56.1	760893	5.7	
167.07137	3410488	15.6	765653	1.7	
168.04280	7540985	37.0	750051	3.9	
169.01424	5593539	26.8	679410	2.9	
169.05063	5600203	26.9	730835	2.9	
169.08703	3334098	15.2	733423	1.7	
169.12341	4228570	19.8	796306	2.2	
171.02992	2526335	11.0	739350	1.3	
171.06628	3496327	16.0	814257	1.8	
171.13825	9045911	44.6	792013	4.6	
171.13905	126705560	650.8	729924	64.7	
172.14241	14194818	70.9	747669	7.3	
173.04556	4192092	19.6	750768	2.1	
173.08193	4159333	19.4	800458	2.1	
175.04005	3695955	17.0	765904	1.9	
176.01149	3731028	17.1	789894	1.9	
176.10639	9663597	47.5	721919	4.9	
177.01933	5205350	24.7	741193	2.7	
177.04047	3199852	14.4	771155	1.6	
177.05483	2440560	10.5	678250	1.2	
177.05572	29697392	150.1	716939	15.2	
177.07685	3194742	14.4	804414	1.6	
178.02718	3767423	17.3	746839	1.9	
178.04829	4201606	19.5	749885	2.1	
178.05908	3285128	14.8	714406	1.7	
178.06355	2599562	11.3	771410	1.3	
179.03498	18067360	90.3	694935	9.2	
179.05611	14972838	74.5	709823	7.6	
179.07137	7743403	37.6	688308	4.0	
180.04280	5716169	27.2	733585	2.9	
181.05063	36850168	185.5	693774	18.8	
181.08702	3476995	15.7	775657	1.8	
182.02208	2999332	13.3	706917	1.5	
182.05397	3325230	14.9	705778	1.7	
182.05847	3857711	17.7	752246	2.0	
183.02991	7198818	34.7	703407	3.7	
183.06628	6262893	29.9	702181	3.2	
184.03772	2948006	13.0	824106	1.5	
185.04555	6135537	29.1	716554	3.1	
185.08194	4530942	21.0	666733	2.3	
185.11831	5113610	24.0	678273	2.6	
185.15471	2500118	10.7	764279	1.3	
186.05339	2561347	11.0	710980	1.3	
187.06120	4779420	22.3	706900	2.4	
187.09758	5906857	28.0	687731	3.0	
187.13397	13398453	66.0	682960	6.8	
189.05572	5205081	24.3	725426	2.7	
189.12847	2750067	11.9	720901	1.4	
190.02716	2833335	12.3	725959	1.4	
190.06355	2429124	10.3	745628	1.2	
191.03499	24389416	120.9	651107	12.5	
191.05612	3015472	13.2	660042	1.5	
191.07138	8731446	42.0	692113	4.5	
192.03835	2888350	12.6	660294	1.5	
192.04281	9052320	43.6	671005	4.6	
193.01426	3613712	16.2	669059	1.8	
193.04963	2903069	12.6	721793	1.5	
193.05063	37374492	186.2	652671	19.1	
193.05098	3179038	14.0	1129993	1.6	
193.08700	3802155	17.2	641604	1.9	
194.05397	4463519	20.5	668741	2.3	
194.05846	11336608	55.1	668681	5.8	
195.02990	8415515	40.3	649606	4.3	
195.06592	2399529	10.1	1587896	1.2	
195.06628	32263466	159.9	636754	16.5	
196.03772	8806057	42.2	657130	4.5	
196.06964	3414710	15.2	676579	1.7	
196.07412	2887351	12.5	733037	1.5	
197.04555	23187516	114.4	639870	11.8	
197.08193	5158987	23.9	695472	2.6	
198.04889	3025875	13.2	636377	1.5	
198.05340	3723221	16.7	735916	1.9	
199.06120	8355699	39.8	656750	4.3	
199.09759	3574658	15.9	715052	1.8	
199.13399	2594193	11.0	675147	1.3	
199.16924	6945696	32.7	717653	3.5	
199.17036	103121824	513.4	626203	52.7	
199.17072	7812001	37.1	763010	4.0	
200.06903	2902550	12.5	593559	1.5	
200.17371	14417218	70.1	615443	7.4	
201.04043	2656431	11.3	684768	1.4	
201.05571	3465397	15.3	632806	1.8	
201.11323	4676302	21.4	660388	2.4	
203.03499	4640260	21.1	676827	2.4	
203.05612	2961421	12.8	699435	1.5	
203.07136	4737555	21.6	683902	2.4	
204.04282	5112762	23.5	600837	2.6	
205.01427	3181412	13.9	639217	1.6	
205.05063	11986292	57.7	611471	6.1	
205.08702	3985284	17.9	685710	2.0	
206.02207	6233890	29.1	577829	3.2	
206.05846	4975411	22.7	590565	2.5	
207.02990	8280293	39.1	641164	4.2	
207.06628	58028276	285.7	598213	29.6	
207.06667	4409590	19.9	1189673	2.3	
207.08742	8679679	41.1	606955	4.4	
208.03772	4453036	20.1	623449	2.3	
208.06964	7213755	33.8	607515	3.7	
208.07410	5221053	23.9	625924	2.7	
209.04555	29238392	143.0	597480	14.9	
209.08193	10452104	49.8	610537	5.3	
210.04888	3774020	16.7	630536	1.9	
210.05336	6298182	29.2	596236	3.2	
211.02484	2945544	12.6	676786	1.5	
211.05994	2449432	10.1	712886	1.3	
211.06120	28485656	138.6	600768	14.5	
211.09760	4926506	22.3	596480	2.5	
211.13398	3524155	15.4	675055	1.8	
212.06457	3086317	13.3	690531	1.6	
212.06905	3278831	14.2	619303	1.7	
213.04045	5701560	26.2	626322	2.9	
213.05571	2579135	10.8	538760	1.3	
213.07686	7406537	34.6	589925	3.8	
213.11324	2750426	11.6	725855	1.4	
213.14960	2962411	12.6	586171	1.5	
213.18600	7026685	32.7	607317	3.6	
215.05610	6329206	29.1	605951	3.2	
215.07137	2737021	11.5	643258	1.4	
215.12886	2989977	12.7	614250	1.5	
215.16531	2826154	11.9	582552	1.4	
216.04281	2966863	12.6	541549	1.5	
217.05063	7226166	33.5	605741	3.7	
217.07175	3674432	16.1	619986	1.9	
217.08701	3227464	13.9	658835	1.6	
218.05843	4803872	21.6	545466	2.5	
219.02989	5024507	22.7	621321	2.6	
219.06628	17942284	86.2	567534	9.2	
219.10267	2709790	11.3	674204	1.4	
220.03771	4968682	22.3	624084	2.5	
220.07413	2802940	11.7	571071	1.4	
220.14688	2596640	10.7	528394	1.3	
221.04555	18635484	89.2	582494	9.5	
221.06668	5183207	23.4	556981	2.6	
221.08194	18418414	88.1	575093	9.4	
221.11831	2923264	12.3	592342	1.5	
222.05338	8492240	39.6	579370	4.3	
222.08531	2802912	11.7	625031	1.4	
223.02481	6809269	31.3	582004	3.5	
223.06120	34369224	166.2	556962	17.6	
223.09759	9430745	44.2	584899	4.8	
223.13394	3535084	15.3	608794	1.8	
223.17035	2437886	9.9	623944	1.2	
224.04791	2421942	9.8	661845	1.2	
224.06455	4062398	17.8	599295	2.1	
224.06903	6449344	29.4	572394	3.3	
225.04046	9632425	44.9	572416	4.9	
225.07638	3975867	17.4	1130522	2.0	
225.07685	48198332	232.7	556843	24.6	
225.11322	4137678	18.2	577625	2.1	
225.14964	2804960	11.7	637602	1.4	
225.18600	8004339	37.0	581160	4.1	
226.04829	3869862	16.9	591179	2.0	
226.08020	6517943	29.8	559797	3.3	
226.08470	3379385	14.5	644362	1.7	
227.05612	12975782	61.2	565241	6.6	
227.07138	2699437	11.2	621897	1.4	
227.09250	4634296	20.6	517160	2.4	
227.12888	3450059	14.8	576629	1.8	
227.20019	3854063	16.8	694037	2.0	
227.20165	51001072	246.3	548395	26.0	
228.04280	2779292	11.5	600337	1.4	
228.06393	3083943	13.0	614306	1.6	
228.20500	7749871	35.7	552396	4.0	
229.05062	3678366	15.8	588140	1.9	
229.07176	7273129	33.3	564454	3.7	
229.08704	2474673	10.0	660615	1.3	
230.05843	2596515	10.6	615137	1.3	
230.98614	2870911	11.9	558250	1.5	
231.05104	2974369	12.4	533971	1.5	
231.06629	8351401	38.5	553842	4.3	
232.03773	3776157	16.3	530962	1.9	
232.07411	3222703	13.6	573716	1.6	
233.04555	11102885	51.8	525428	5.7	
233.06667	4131504	18.0	591656	2.1	
233.08194	7676600	35.2	551435	3.9	
234.05337	6168750	27.7	558434	3.2	
235.02478	2770598	11.4	592855	1.4	
235.06120	16959160	79.7	542244	8.7	
235.08229	2444996	9.8	582280	1.2	
235.09757	5496524	24.5	514450	2.8	
236.06454	2647746	10.8	531857	1.4	
236.06903	6261956	28.2	520281	3.2	
237.04047	7164605	32.5	567508	3.7	
237.07684	18590416	87.6	527422	9.5	
237.11325	3192547	13.4	590496	1.6	
237.14964	3559158	15.2	575826	1.8	
238.04827	3456202	14.7	569419	1.8	
238.08469	5275869	23.4	515390	2.7	
239.05611	14851799	69.6	515106	7.6	
239.09249	8580842	39.4	524840	4.4	
239.12886	3181309	13.3	597666	1.6	
239.16525	3720976	15.9	540045	1.9	
239.20167	9258787	42.6	519935	4.7	
240.04281	2433241	9.7	567388	1.2	
240.06395	6197477	27.7	547870	3.2	
240.10027	2449143	9.8	564706	1.3	
241.07176	24605426	115.9	513496	12.6	
241.10809	2994949	12.4	610847	1.5	
241.14452	3919640	16.8	577183	2.0	
241.18089	4413227	19.2	560487	2.3	
241.21566	3675965	15.6	653716	1.9	
241.21730	51843904	246.5	514680	26.5	
242.07957	3967744	17.0	492215	2.0	
242.22066	8412490	38.3	529546	4.3	
243.05103	3838716	16.4	557502	2.0	
243.06629	5622532	25.0	532735	2.9	
243.08740	5037839	22.2	515521	2.6	
243.19660	2500936	10.0	620246	1.3	
244.07414	2799890	11.4	580959	1.4	
245.04556	6208269	27.8	522101	3.2	
245.06666	4509464	19.6	535399	2.3	
245.08193	7615264	34.5	508800	3.9	
246.05337	4138266	17.7	562428	2.1	
247.06120	13475623	62.2	516306	6.9	
247.08228	2619699	10.5	586612	1.3	
247.09758	4764475	20.7	478943	2.4	
248.06905	4740404	20.6	540674	2.4	
249.04046	8217390	37.2	523886	4.2	
249.07685	18314048	85.3	506566	9.4	
249.11323	3893075	16.6	570281	2.0	
249.18598	2788729	11.3	577506	1.4	
250.04830	5177657	22.7	517363	2.6	
250.08021	2519370	10.0	634578	1.3	
250.08469	4255052	18.3	556336	2.2	
251.05611	18278212	85.1	495143	9.3	
251.07723	4939599	21.5	543151	2.5	
251.09250	11546454	52.7	509974	5.9	
251.12886	3509097	14.6	546240	1.8	
251.16524	2740604	11.0	503851	1.4	
251.20163	5147535	22.4	555553	2.6	
252.06393	7737677	34.7	508294	4.0	
253.07176	21629782	100.5	486294	11.0	
253.10813	7144297	31.9	502170	3.6	
253.14452	4377467	18.7	535170	2.2	
253.21548	5464992	23.9	549757	2.8	
253.21730	75099040	353.8	488626	38.4	
253.21789	5725089	25.1	950266	2.9	
254.07516	3073371	12.6	510199	1.6	
254.07960	4941149	21.4	511707	2.5	
254.22066	12803493	58.7	505085	6.5	
255.05102	5299024	23.1	492268	2.7	
255.06630	3682136	15.4	559931	1.9	
255.08744	8933219	40.3	487694	4.6	
255.16016	3442056	14.3	478339	1.8	
255.19653	4718491	20.4	515493	2.4	
255.23111	14028717	64.5	531323	7.2	
255.23295	195784624	925.6	486257	100.0	
256.05892	3020629	12.3	478300	1.5	
256.23446	2733999	11.0	528143	1.4	
256.23630	33649072	157.4	484488	17.2	
257.04552	3297101	13.6	503778	1.7	
257.06670	8653656	39.0	491908	4.4	
257.08193	5683040	24.9	529765	2.9	
257.10306	3467114	14.4	551153	1.8	
257.17589	2662800	10.6	516820	1.4	
257.21221	3860386	16.3	547709	2.0	
257.23968	3262384	13.5	530541	1.7	
258.05338	3713358	15.5	515162	1.9	
258.07450	2924889	11.8	483047	1.5	
258.08974	2449761	9.5	643691	1.3	
259.06118	9129806	41.0	494292	4.7	
259.08235	6254425	27.5	499011	3.2	
259.09756	4806497	20.6	508707	2.5	
260.06903	5439820	23.6	505033	2.8	
261.00401	2631459	10.4	534774	1.3	
261.04047	3600181	15.0	482742	1.8	
261.07684	12229447	55.6	488974	6.2	
261.11319	3434330	14.2	508480	1.8	
262.01190	2647325	10.5	564842	1.4	
262.04828	2754351	11.0	499299	1.4	
262.07283	2976059	12.0	533011	1.5	
262.07477	38305084	178.4	471943	19.6	
262.08467	3659073	15.2	554407	1.9	
263.05611	11269926	51.1	464765	5.8	
263.07722	2946353	11.9	504925	1.5	
263.07814	6586161	29.0	477166	3.4	
263.09250	10516280	47.5	474012	5.4	
263.12889	4637515	19.8	537665	2.4	
264.06392	4601115	19.5	504832	2.4	
264.10027	2744621	10.8	508898	1.4	
265.03540	3191036	12.9	482961	1.6	
265.07177	15262478	69.4	465345	7.8	
265.10815	6703904	29.4	502222	3.4	
265.14451	2652978	10.4	539912	1.4	
265.18090	3869507	16.1	527089	2.0	
266.07957	5521662	23.8	485827	2.8	
266.98881	6694587	29.3	472009	3.4	
267.05102	6379225	27.8	487704	3.3	
267.08740	14874347	67.6	473436	7.6	
267.12380	2725629	10.8	571214	1.4	
267.16018	7040782	30.9	478691	3.6	
267.19656	13920032	63.1	466008	7.1	
267.23294	17495858	79.9	461510	8.9	
268.05884	4826308	20.6	480674	2.5	
268.09525	5414101	23.3	483021	2.8	
268.19994	2981128	11.9	486300	1.5	
268.23629	3797273	15.8	463065	1.9	
268.98585	2505860	9.7	551812	1.3	
269.06668	16714411	76.2	467644	8.5	
269.08192	3027122	12.2	498501	1.5	
269.10308	5386941	23.2	513792	2.8	
269.17582	2824416	11.2	517411	1.4	
269.21221	13155057	59.5	470164	6.7	
269.24658	2850562	11.3	509017	1.5	
269.24860	38316804	177.3	461003	19.6	
270.05333	3317893	13.5	510034	1.7	
270.07448	6390928	27.9	467959	3.3	
270.21558	2988755	12.0	491686	1.5	
270.25196	7056612	31.0	471949	3.6	
271.06120	4783719	20.2	426977	2.4	
271.08231	8367729	36.9	451730	4.3	
271.09757	9520760	42.2	463309	4.9	
271.22786	9471670	42.0	496551	4.8	
272.06902	4328517	18.1	503573	2.2	
272.09014	2548303	9.8	517692	1.3	
272.10087	3102804	12.4	423942	1.6	
273.04052	3761678	15.5	431762	1.9	
273.06159	2691608	10.5	518958	1.4	
273.07684	16622111	75.2	456607	8.5	
273.09798	3236393	13.0	483894	1.7	
273.11326	2566192	9.9	533910	1.3	
274.08014	3151860	12.6	473486	1.6	
274.08469	4256758	17.8	467857	2.2	
275.05610	8332729	36.7	466633	4.3	
275.07724	3608003	14.8	453640	1.8	
275.09249	8623562	38.1	449067	4.4	
275.12888	2763227	10.8	431394	1.4	
276.06388	4316041	18.0	484910	2.2	
277.07175	14870868	67.1	445754	7.6	
277.10817	6996325	30.5	439093	3.6	
277.14453	55597428	256.3	443809	28.4	
277.21730	3107223	12.4	464523	1.6	
278.07514	2826011	11.1	487615	1.4	
278.07957	4776733	20.2	499018	2.4	
278.14788	9298747	40.9	455276	4.7	
278.22515	2945886	11.6	498547	1.5	
279.05104	5041360	21.3	463940	2.6	
279.08741	15330528	68.7	443033	7.8	
279.12380	4860145	20.4	469528	2.5	
279.16016	2857217	11.2	527110	1.5	
279.23296	15965473	71.7	444774	8.2	
280.09082	2552478	9.8	484503	1.3	
280.09522	3627680	14.7	518035	1.9	
280.23634	3099358	12.3	447172	1.6	
280.98298	5912615	25.3	472325	3.0	
281.06667	10115147	44.7	440405	5.2	
281.10304	9089115	39.9	443786	4.6	
281.21225	5074059	21.4	409546	2.6	
281.24638	4647066	19.4	516741	2.4	
281.24860	64921756	297.6	433926	33.2	
282.07443	4027906	16.6	414544	2.1	
282.25196	13001295	58.0	447203	6.6	
283.06117	3921835	16.1	453137	2.0	
283.08230	9937844	43.9	446714	5.1	
283.11870	4664260	19.5	384533	2.4	
283.15505	3625940	14.7	452676	1.9	
283.19150	4743139	19.9	480283	2.4	
283.26200	4867074	20.5	506095	2.5	
283.26425	69428224	318.4	435265	35.5	
283.26501	5587971	23.8	711362	2.9	
284.06901	2813273	11.0	495914	1.4	
284.09014	3274082	13.1	483262	1.7	
284.26760	12723629	56.7	422317	6.5	
285.06157	4700924	19.7	492392	2.4	
285.07686	7294722	31.7	429177	3.7	
285.09796	6166283	26.4	457641	3.1	
285.11326	2513169	9.6	488504	1.3	
285.17075	2902825	11.4	493292	1.5	
285.20713	3898169	16.0	418717	2.0	
285.24355	3592008	14.6	433380	1.8	
286.06946	3489952	14.0	442859	1.8	
286.08462	4730022	19.7	467698	2.4	
287.05609	6421046	27.5	436415	3.3	
287.07723	13769279	61.2	426890	7.0	
287.09249	8936005	39.0	450260	4.6	
288.06392	4337616	17.9	454056	2.2	
288.08506	4637657	19.3	430342	2.4	
289.07175	11943269	52.8	428588	6.1	
289.09297	3238253	12.8	423651	1.7	
289.10813	5742963	24.3	409263	2.9	
289.23019	16547236	73.9	435756	8.5	
290.07509	2466547	9.3	434877	1.3	
290.07963	5337844	22.5	411801	2.7	
290.23357	2882865	11.2	451975	1.5	
291.05102	4664432	19.4	459084	2.4	
291.08741	12886142	57.1	425912	6.6	
291.12381	9492621	41.5	423013	4.8	
291.16018	36335772	164.7	415979	18.6	
291.19662	4428969	18.3	435751	2.3	
292.05876	3046902	12.0	510186	1.6	
292.09519	3446276	13.8	482997	1.8	
292.16355	6107678	26.0	450437	3.1	
293.06665	10107766	44.4	419618	5.2	
293.10308	9112451	39.8	428922	4.7	
293.13943	4951953	20.7	448271	2.5	
293.17589	3064735	12.0	451313	1.6	
293.21222	17830828	79.8	429557	9.1	
294.07450	3770609	15.2	431445	1.9	
294.21554	3508518	14.0	435447	1.8	
295.08231	14485095	64.0	424741	7.4	
295.11870	4224629	17.3	427382	2.2	
295.15510	3104386	12.1	491714	1.6	
295.22786	17381020	77.2	417794	8.9	
295.26423	3034794	11.8	424678	1.6	
296.09016	5173208	21.6	443509	2.6	
296.23126	3550220	14.2	424881	1.8	
297.06155	3499320	13.9	434442	1.8	
297.07688	5601597	23.5	447260	2.9	
297.09796	8630597	37.3	428767	4.4	
297.20709	2811244	10.8	498921	1.4	
297.24350	11000185	48.1	405164	5.6	
297.27985	6482310	27.5	454698	3.3	
298.08472	2693797	10.3	521293	1.4	
298.10578	3109548	12.2	491574	1.6	
299.05612	5188603	21.6	406894	2.7	
299.07725	5612547	23.6	444899	2.9	
299.09250	13958152	61.6	410287	7.1	
299.11362	3453967	13.7	386124	1.8	
299.18643	3841065	15.5	463003	2.0	
299.22279	3432501	13.6	473835	1.8	
299.25921	3626050	14.5	470193	1.9	
300.06397	3212634	12.6	421195	1.6	
300.08514	2537825	9.6	444738	1.3	
300.09580	2734437	10.4	332989	1.4	
300.10029	2977126	11.6	466739	1.5	
300.99900	20704922	92.4	418879	10.6	
301.07176	13606580	60.0	405161	6.9	
301.09289	4547259	18.7	448660	2.3	
301.10816	10206912	44.5	411203	5.2	
302.00228	2686959	10.2	439647	1.4	
302.07515	2663944	10.1	439184	1.4	
302.07957	6264841	26.5	423796	3.2	
303.05104	4584782	18.8	408270	2.3	
303.07216	5175637	21.4	442300	2.6	
303.08741	26648922	118.6	411218	13.6	
303.12378	2767718	10.5	413571	1.4	
303.16026	2490738	9.3	482501	1.3	
303.20946	6230403	26.2	442376	3.2	
304.05886	3389083	13.3	489653	1.7	
304.08002	3785378	15.1	426911	1.9	
304.09079	5279397	21.9	404727	2.7	
304.09524	4984487	20.6	425356	2.5	
305.06667	9253859	39.9	421146	4.7	
305.08781	10355690	44.9	395994	5.3	
305.10307	9837551	42.5	415230	5.0	
305.13944	4636667	19.0	417803	2.4	
305.17584	20173830	89.3	402391	10.3	
306.03813	2449692	9.1	458133	1.3	
306.07450	4589864	18.8	429782	2.3	
306.09561	4328750	17.6	402627	2.2	
306.11087	2595123	9.7	482493	1.3	
306.17917	4475209	18.3	394743	2.3	
307.04594	4486748	18.3	458429	2.3	
307.08235	12969575	56.7	414714	6.6	
307.11872	6313587	26.6	418476	3.2	
307.15513	4498046	18.4	431672	2.3	
307.19152	5402250	22.4	430748	2.8	
307.26421	4256417	17.3	410333	2.2	
308.08569	2912162	11.2	425993	1.5	
308.09017	4894627	20.1	450224	2.5	
309.06155	4463824	18.2	424914	2.3	
309.07690	2991316	11.5	446957	1.5	
309.09798	12032219	52.5	421052	6.1	
309.13439	3121382	12.1	463096	1.6	
309.14963	12929259	56.5	393218	6.6	
309.20714	9668860	41.8	423887	4.9	
309.24352	5048584	20.8	427993	2.6	
309.27988	5855507	24.5	404158	3.0	
310.06943	2658820	10.0	506873	1.4	
310.08464	2792456	10.6	417789	1.4	
310.10587	3290639	12.9	446763	1.7	
311.07723	8000308	34.2	409546	4.1	
311.09254	6953784	29.5	414342	3.6	
311.11363	7480126	31.8	418055	3.8	
311.22279	11148127	48.5	402024	5.7	
311.25916	3145578	12.2	431554	1.6	
311.29558	14396277	63.2	393867	7.4	
312.06394	3631193	14.3	407529	1.9	
312.08505	4212832	16.9	419610	2.2	
312.10038	3802212	15.1	430313	1.9	
312.22615	2877577	10.9	466823	1.5	
312.29898	2806431	10.6	408957	1.4	
313.07177	9239937	39.5	390247	4.7	
313.09287	7323016	30.9	397400	3.7	
313.10816	6641036	27.8	388156	3.4	
313.12923	2729362	10.3	451246	1.4	
313.16571	3163549	12.2	301576	1.6	
313.20202	2974119	11.4	411401	1.5	
313.23842	8605106	36.7	371691	4.4	
314.07957	5684902	23.5	426079	2.9	
314.10066	3819180	15.2	419545	2.0	
314.11605	2514609	9.3	411476	1.3	
315.01464	8683442	37.0	398984	4.4	
315.05105	3387324	13.2	386107	1.7	
315.07220	3632066	14.3	411511	1.9	
315.08740	14241735	62.0	392615	7.3	
315.10850	4456397	18.0	451406	2.3	
315.12387	3579857	14.1	417989	1.8	
315.18129	5273570	21.7	410050	2.7	
316.05882	3127514	12.1	452123	1.6	
316.09077	2448099	9.0	392070	1.3	
316.09521	6539492	27.4	404492	3.3	
317.06666	10285555	44.2	391107	5.3	
317.08783	3455481	13.5	382342	1.8	
317.10305	20374014	89.6	390998	10.4	
318.07446	5915402	24.6	398324	3.0	
318.10638	4079378	16.3	413379	2.1	
318.11083	3483412	13.6	409031	1.8	
319.04600	2998291	11.5	417198	1.5	
319.08233	12616732	54.7	392573	6.4	
319.11870	7590950	32.1	410754	3.9	
319.15512	3480624	13.6	463202	1.8	
319.19147	8545338	36.4	392149	4.4	
319.22786	2881604	10.9	404591	1.5	
320.09021	5174572	21.2	410793	2.6	
321.06162	5593647	23.1	371047	2.9	
321.08270	2741812	10.3	371035	1.4	
321.09797	13448760	58.4	384523	6.9	
321.13434	3607106	14.2	437805	1.8	
321.17073	3160651	12.2	422535	1.6	
321.20717	2540117	9.4	364828	1.3	
321.24350	16594526	72.6	383741	8.5	
322.06945	2847543	10.7	452281	1.5	
322.10129	2996032	11.4	341758	1.5	
322.10581	5036865	20.5	382443	2.6	
322.24682	4134758	16.4	398552	2.1	
323.07725	9793597	41.7	383715	5.0	
323.09246	3983425	15.8	339577	2.0	
323.09836	15792194	68.5	392748	8.1	
323.11361	8976454	38.0	392644	4.6	
323.14999	2810960	10.5	433574	1.4	
323.18636	2493017	9.1	406993	1.3	
323.22284	2458723	9.0	436843	1.3	
323.25919	4105324	16.3	421958	2.1	
324.08503	4995392	20.3	396352	2.6	
324.12145	2530633	9.3	384214	1.3	
325.07179	6488634	26.9	392776	3.3	
325.09289	11131455	47.7	371484	5.7	
325.10813	12728899	54.8	374064	6.5	
325.12926	4016712	15.9	436879	2.1	
325.20209	3887707	15.3	408130	2.0	
325.23845	4826724	19.5	370314	2.5	
325.31119	7043702	29.4	391781	3.6	
326.07958	4381495	17.5	367583	2.2	
326.10068	4686652	18.9	386895	2.4	
326.11154	2494271	9.1	388537	1.3	
326.11597	2635584	9.8	402415	1.3	
327.05109	2509863	9.2	424467	1.3	
327.07209	2999341	11.4	382443	1.5	
327.08742	18431024	80.2	376682	9.4	
327.10858	6159414	25.5	383177	3.1	
327.12386	3204153	12.3	429347	1.6	
327.21770	6753361	28.1	402726	3.4	
327.25405	6902873	28.8	379957	3.5	
328.05877	3351838	12.9	371604	1.7	
328.09076	3382566	13.1	378919	1.7	
328.09522	6372647	26.4	382593	3.3	
329.03029	7271946	30.4	387356	3.7	
329.04691	4455950	17.9	392867	2.3	
329.06670	7818770	32.9	394479	4.0	
329.08782	5930520	24.5	406073	3.0	
329.10306	22535708	98.5	378384	11.5	
329.12416	2596384	9.6	406354	1.3	
329.13946	4307492	17.2	385784	2.2	
329.17589	2701869	10.0	388269	1.4	
329.23334	3899962	15.4	407242	2.0	
330.07449	5650180	23.2	390214	2.9	
330.09558	3111689	11.9	382483	1.6	
330.10645	4196107	16.7	414801	2.1	
330.11091	4237069	16.9	380135	2.2	
330.97977	6844378	28.5	379826	3.5	
331.04594	2538474	9.3	406949	1.3	
331.06710	3621871	14.1	408193	1.8	
331.08232	18833394	82.0	374172	9.6	
331.10344	4672504	18.8	406231	2.4	
331.11873	14684155	63.5	371849	7.5	
332.05373	2476246	9.0	427979	1.3	
332.08564	2859229	10.7	448441	1.5	
332.09012	6486239	26.7	363767	3.3	
332.12206	2942182	11.0	408692	1.5	
332.19934	3067128	11.6	407174	1.6	
333.06159	5947840	24.3	377592	3.0	
333.09798	23863752	103.6	367886	12.2	
333.13434	4062672	16.0	369752	2.1	
333.19184	4172254	16.5	376315	2.1	
333.20710	2936289	11.0	403389	1.5	
334.06941	3410599	13.1	401855	1.7	
334.10135	4308654	17.1	342482	2.2	
334.10581	4502191	17.9	399738	2.3	
334.21491	3238600	12.3	362855	1.7	
334.23606	2681549	9.9	440197	1.4	
335.07729	8184716	34.2	383493	4.2	
335.11364	8813459	37.0	387143	4.5	
335.15002	2567068	9.4	431193	1.3	
335.22282	3646380	14.1	394081	1.9	
336.08506	4717678	18.9	383971	2.4	
336.12140	3184758	12.1	364169	1.6	
336.23060	3414158	13.1	327904	1.7	
337.09290	11687246	49.7	374339	6.0	
337.10813	7544145	31.4	373056	3.9	
337.12928	5526870	22.5	391492	2.8	
337.23845	14566766	62.5	377139	7.4	
338.07962	3114535	11.8	395226	1.6	
338.10072	4845100	19.4	387201	2.5	
338.24188	3072586	11.6	410979	1.6	
339.07213	3906303	15.3	407824	2.0	
339.08741	7853827	32.8	375700	4.0	
339.10854	8609543	36.1	365399	4.4	
339.25409	8273703	34.6	354467	4.2	
339.32686	16303926	70.2	367360	8.3	
340.09525	4086748	16.1	371408	2.1	
340.11636	4239329	16.8	392697	2.2	
340.33031	3326990	12.7	403467	1.7	
341.06667	5570732	22.7	371412	2.8	
341.08785	7110832	29.5	377072	3.6	
341.10307	12449971	53.1	364085	6.4	
341.10895	4692149	18.8	376823	2.4	
341.12419	3918008	15.3	379904	2.0	
341.13953	2775227	10.3	393876	1.4	
341.19690	3462343	13.3	378754	1.8	
341.23342	3107023	11.7	405769	1.6	
341.26973	9490647	40.0	352169	4.8	
342.07453	5763457	23.5	383481	2.9	
342.09563	3242374	12.3	387657	1.7	
342.10645	2474376	8.9	423107	1.3	
342.11094	3969417	15.6	334001	2.0	
343.04595	2526285	9.1	376883	1.3	
343.08232	13679189	58.0	371464	7.0	
343.10342	4958809	19.8	389817	2.5	
343.11872	8878684	37.0	359356	4.5	
343.21262	3744368	14.4	379084	1.9	
344.08578	3186470	12.0	409432	1.6	
344.09017	6572839	26.9	362889	3.4	
345.06165	5743599	23.2	351433	2.9	
345.09799	19098614	81.8	361570	9.8	
345.13439	5100542	20.4	361417	2.6	
346.06938	3133629	11.8	406582	1.6	
346.10133	4020420	15.7	377988	2.1	
346.10581	6886597	28.2	358835	3.5	
347.07728	9330058	39.0	372214	4.8	
347.09838	3076494	11.5	384725	1.6	
347.11363	17726866	75.8	352149	9.1	
347.14993	3990937	15.5	370536	2.0	
348.08510	4700757	18.6	357606	2.4	
348.11703	3706459	14.3	361263	1.9	
348.12146	3197532	12.0	397833	1.6	
348.25171	2721398	10.0	389741	1.4	
349.09288	11669278	49.2	361735	6.0	
349.09489	3215135	12.1	297858	1.6	
349.12932	6752038	27.6	386679	3.4	
349.27479	2517827	9.1	381225	1.3	
349.97813	2551246	9.2	359184	1.3	
350.10072	5300199	21.3	364437	2.7	
350.20980	2508284	9.0	343025	1.3	
351.07211	3215526	12.1	334501	1.6	
351.08738	3740841	14.4	339925	1.9	
351.10852	10530989	44.2	352888	5.4	
351.14489	2816180	10.4	376031	1.4	
351.21772	2633923	9.6	414565	1.3	
352.11644	4711795	18.7	347251	2.4	
352.22557	3121544	11.7	353607	1.6	
353.06676	3766827	14.5	368711	1.9	
353.08780	6056495	24.6	352914	3.1	
353.10305	10228274	42.9	357827	5.2	
353.12420	5294646	21.2	374652	2.7	
353.23332	4342348	17.1	390691	2.2	
353.26981	2888275	10.7	373189	1.5	
353.34249	15794784	67.3	355962	8.1	
354.07462	2754286	10.1	399990	1.4	
354.09555	3383026	12.8	392925	1.7	
354.11094	3141365	11.8	415338	1.6	
354.24108	3948302	15.3	331038	2.0	
354.34583	3079970	11.5	361748	1.6	
355.08230	12936111	54.3	356118	6.6	
355.10347	6464436	26.1	347679	3.3	
355.11870	18265014	77.5	348979	9.3	
355.24898	9577423	39.7	358280	4.9	
355.28538	8106967	33.3	370461	4.1	
356.08575	2966639	10.9	365634	1.5	
356.09017	4152432	16.1	385379	2.1	
356.11132	3310708	12.4	411756	1.7	
356.12209	3333238	12.5	358851	1.7	
357.06153	3197225	11.9	335659	1.6	
357.09797	17569072	74.4	344293	9.0	
357.11899	3666228	14.0	373873	1.9	
357.13437	5360951	21.3	362899	2.7	
357.26462	5924175	23.8	385496	3.0	
358.06941	3431911	12.9	376803	1.8	
358.10134	3328493	12.5	403643	1.7	
358.10580	5991918	24.1	342935	3.1	
359.06278	2529954	9.0	320011	1.3	
359.07725	9168549	37.9	347165	4.7	
359.09837	4714153	18.5	363321	2.4	
359.11360	21305004	90.7	336361	10.9	
359.15002	3285683	12.3	346029	1.7	
360.08507	6178658	24.9	348826	3.2	
360.11697	4008808	15.5	389865	2.0	
360.12143	3277673	12.3	329327	1.7	
361.09290	14694430	61.9	347686	7.5	
361.11396	2506786	8.9	389364	1.3	
361.12928	7426085	30.3	353448	3.8	
361.20478	4593715	18.0	350478	2.3	
362.09628	2547928	9.1	358303	1.3	
362.10075	5210329	20.7	346943	2.7	
362.26739	9165048	37.9	341122	4.7	
363.07209	3954061	15.2	312672	2.0	
363.10857	12368276	51.8	354031	6.3	
364.11192	2753101	10.0	367630	1.4	
364.11641	3707470	14.1	345047	1.9	
365.08785	5583617	22.3	349191	2.9	
365.10308	3437315	13.0	352256	1.8	
365.12419	6800135	27.6	339527	3.5	
366.09562	3181498	11.8	395198	1.6	
367.08230	5559407	22.0	338322	2.8	
367.10346	8316018	33.9	336922	4.2	
367.11872	20593780	86.7	332799	10.5	
367.13978	2669689	9.5	291876	1.4	
367.28543	2504852	8.8	306845	1.3	
367.35815	51362976	219.3	333736	26.2	
368.09017	4200743	16.1	374393	2.1	
368.11120	4225323	16.2	316569	2.2	
368.12209	5197101	20.4	353229	2.7	
368.36150	13905240	57.9	340567	7.1	
369.09797	10034655	41.3	332984	5.1	
369.11909	5119459	20.1	334486	2.6	
369.13437	4154853	15.9	347569	2.1	
369.22827	2819575	10.2	364370	1.4	
369.26453	2467325	8.7	346646	1.3	
369.30103	19348996	81.4	326759	9.9	
369.36492	2465296	8.6	377095	1.3	
370.10580	4945559	19.3	369972	2.5	
370.12699	3112603	11.4	374792	1.6	
370.30439	4124347	15.8	355492	2.1	
371.07725	6973256	28.1	341193	3.6	
371.09837	3859276	14.7	366008	2.0	
371.11363	16596814	69.5	329402	8.5	
371.15000	3141461	11.6	376573	1.6	
371.24386	3210086	11.9	341985	1.6	
372.08510	4308992	16.6	329835	2.2	
372.11699	3531781	13.2	307138	1.8	
372.12150	4722694	18.4	336879	2.4	
373.09287	15012023	62.7	328916	7.7	
373.11401	4039867	15.4	342054	2.1	
373.12931	12394686	51.4	326715	6.3	
373.25958	3840213	14.6	360522	2.0	
374.09627	2579822	9.1	394364	1.3	
374.10077	7055727	28.4	329316	3.6	
375.07215	4070944	15.6	335382	2.1	
375.10853	14451238	60.3	316162	7.4	
375.14493	9026093	36.9	324085	4.6	
376.07999	2839256	10.3	342481	1.5	
376.11205	2939102	10.7	305522	1.5	
376.11633	5290718	20.8	334374	2.7	
377.08781	9692048	39.8	339976	5.0	
377.10302	2555795	9.0	317385	1.3	
377.10901	2568084	9.1	364692	1.3	
377.12418	17396630	73.0	308938	8.9	
377.16058	2563997	9.1	374913	1.3	
378.09571	4139080	15.9	330294	2.1	
378.12752	3307598	12.3	327181	1.7	
378.13203	2654287	9.5	352839	1.4	
379.10342	9426177	38.6	332716	4.8	
379.13990	4750600	18.5	342622	2.4	
380.11126	4724154	18.4	335589	2.4	
380.97659	3056218	11.1	349407	1.6	
381.08274	2799213	10.0	363445	1.4	
381.09798	8543856	34.5	338530	4.4	
381.11912	6069876	23.9	353823	3.1	
381.13439	2906743	10.4	391587	1.5	
381.31629	26134168	109.5	326649	13.3	
381.33731	3383964	12.5	329809	1.7	
381.36953	2740898	9.7	449153	1.4	
381.37381	35112612	147.8	323099	17.9	
382.10580	3137322	11.4	347931	1.6	
382.31961	7657298	30.7	316943	3.9	
382.37713	10192732	41.5	332942	5.2	
383.07725	3396574	12.5	333980	1.7	
383.09830	3882978	14.6	317982	2.0	
383.11362	19236838	80.1	319800	9.8	
383.13467	3539945	13.1	371998	1.8	
383.28028	4431876	16.9	358728	2.3	
383.31668	23570442	98.5	323972	12.0	
383.38058	2501655	8.7	349532	1.3	
384.08498	3528858	13.1	350275	1.8	
384.10621	3446942	12.7	364138	1.8	
384.11697	3246240	11.9	405679	1.7	
384.12144	3415201	12.6	355880	1.7	
384.32001	6435014	25.5	340899	3.3	
385.09291	23136598	96.7	320084	11.8	
385.11403	5120346	19.9	327401	2.6	
385.12928	18221404	75.7	323353	9.3	
386.09623	4094482	15.5	367761	2.1	
386.10075	4526611	17.3	349281	2.3	
386.13263	3971609	15.0	316100	2.0	
386.13712	2595354	9.1	280818	1.3	
387.07227	2912970	10.5	361471	1.5	
387.10854	18352850	76.3	316615	9.4	
387.12963	2836181	10.1	360555	1.4	
387.14487	6615768	26.2	328697	3.4	
388.07994	2852745	10.2	348915	1.5	
388.11190	3110799	11.3	353264	1.6	
388.11641	5702544	22.3	311644	2.9	
388.28304	2612144	9.2	339461	1.3	
389.08783	7316553	29.2	308870	3.7	
389.10904	2870349	10.3	292466	1.5	
389.12419	13917264	57.4	318957	7.1	
389.16055	3876951	14.6	330265	2.0	
390.09117	2515209	8.8	339977	1.3	
390.09565	4174090	15.8	338711	2.1	
390.12753	2859280	10.2	319972	1.5	
390.13198	3561745	13.2	305424	1.8	
390.29865	3024177	10.9	325619	1.5	
391.10343	9350604	37.9	338001	4.8	
391.13990	8168915	32.9	306390	4.2	
392.11129	5619343	22.0	310967	2.9	
393.08273	3318604	12.2	361986	1.7	
393.09808	2828111	10.1	360380	1.4	
393.11910	13225811	54.4	310133	6.8	
393.15542	2901338	10.4	263107	1.5	
394.12261	2505752	8.7	361136	1.3	
394.12695	3262489	11.9	339180	1.7	
395.07730	2615509	9.1	355456	1.3	
395.09835	6709465	26.3	328140	3.4	
395.11364	5775580	22.4	326717	2.9	
395.13477	4829408	18.4	315531	2.5	
395.31647	2685188	9.4	321197	1.4	
395.38945	34984212	145.6	308723	17.9	
395.39102	2838803	10.0	387587	1.4	
396.08509	2536861	8.7	324649	1.3	
396.10623	4227490	15.9	318984	2.2	
396.12152	2489765	8.5	362437	1.3	
396.14265	2577833	8.9	319563	1.3	
396.30341	4485577	17.0	308364	2.3	
396.39279	10592731	42.7	317475	5.4	
397.09294	5724775	22.2	325422	2.9	
397.11401	6398572	25.0	332801	3.3	
397.12933	7475823	29.6	311251	3.8	
397.15035	2773619	9.7	281555	1.4	
397.31120	2686611	9.4	354067	1.4	
397.33234	40817304	170.2	310816	20.8	
398.10078	3803955	14.1	341559	1.9	
398.13260	2871097	10.2	324634	1.5	
398.31896	2979679	10.6	288958	1.5	
398.33567	10027874	40.3	316923	5.1	
399.10855	11252736	45.5	297942	5.7	
399.12972	4922372	18.8	303156	2.5	
399.14498	5168135	19.8	323209	2.6	
400.11187	2893518	10.2	281664	1.5	
400.11635	5416143	20.9	303836	2.8	
401.08777	6286744	24.6	323935	3.2	
401.10899	2730396	9.6	279092	1.4	
401.12420	19649952	80.9	311417	10.0	
401.16054	5649831	21.9	311857	2.9	
401.30613	7261637	28.7	327371	3.7	
402.09573	3792490	14.0	325137	1.9	
402.12759	4820593	18.4	316215	2.5	
402.13211	5734002	22.2	298831	2.9	
403.10346	10811198	43.6	308471	5.5	
403.12455	4171587	15.6	342724	2.1	
403.13983	13350726	54.4	311708	6.8	
404.10681	2715667	9.5	324728	1.4	
404.11120	4595732	17.4	310360	2.3	
404.14310	3447835	12.6	287644	1.8	
404.14774	2624028	9.1	244685	1.3	
405.11910	10320108	41.6	314325	5.3	
405.15550	8263925	32.9	323040	4.2	
405.26465	2766092	9.7	362325	1.4	
406.12239	3004870	10.7	282842	1.5	
406.12696	4251079	16.0	312649	2.2	
407.09844	3967643	14.8	345980	2.0	
407.11373	3964575	14.8	314003	2.0	
407.13475	7668387	30.4	320481	3.9	
407.17115	3285675	11.9	308434	1.7	
408.10622	2739066	9.6	345766	1.4	
409.09302	3150934	11.3	307634	1.6	
409.11403	5508187	21.3	312434	2.8	
409.12940	4306014	16.2	341281	2.2	
409.33245	2790027	9.8	272364	1.4	
409.40509	8572060	34.2	287914	4.4	
410.10074	2570041	8.9	252023	1.3	
410.12180	2841917	10.0	320540	1.5	
410.40852	2942334	10.4	315018	1.5	
411.09352	2883099	10.1	289124	1.5	
411.10858	7679518	30.1	321279	3.9	
411.12967	4186659	15.5	320158	2.1	
411.14489	3737126	13.6	350976	1.9	
411.34798	25992788	106.4	300243	13.3	
412.11631	2634502	9.0	315964	1.3	
412.29833	5037872	19.1	324048	2.6	
412.35135	6496061	25.1	294889	3.3	
413.08792	3641320	13.2	328703	1.9	
413.10888	3869677	14.2	293247	2.0	
413.12422	8912880	35.2	307325	4.6	
413.30601	2673179	9.2	259817	1.4	
414.09582	2834645	9.9	298843	1.4	
414.11677	2738906	9.5	281739	1.4	
414.12744	2498268	8.5	273751	1.3	
414.13203	3126493	11.1	339851	1.6	
415.10346	9740740	38.7	310569	5.0	
415.12465	3434953	12.4	318694	1.8	
415.13987	14414285	58.1	301586	7.4	
415.32177	64479736	266.8	295597	32.9	
416.10678	2570933	8.8	281718	1.3	
416.11123	3910326	14.3	294811	2.0	
416.14322	3892926	14.3	305990	2.0	
416.14759	2852543	9.9	288107	1.5	
416.32511	19161834	77.9	297094	9.8	
417.08267	2934690	10.3	341121	1.5	
417.11911	10793899	43.0	298774	5.5	
417.15548	13022132	52.3	291195	6.7	
417.32853	3203038	11.4	298676	1.6	
418.12233	2872482	10.0	273124	1.5	
418.12700	5328035	20.3	312016	2.7	
418.15886	3745963	13.7	326622	1.9	
419.09827	4879764	18.4	310146	2.5	
419.13477	11097501	44.3	292667	5.7	
419.17113	22054310	90.0	301138	11.3	
420.10632	2729617	9.4	332966	1.4	
420.13805	2473625	8.4	356358	1.3	
420.14263	4587162	17.2	299105	2.3	
420.17447	5009058	18.9	310565	2.6	
421.11402	6938512	27.0	299339	3.5	
421.12926	2558868	8.7	311171	1.3	
421.15042	9639833	38.2	287701	4.9	
422.12185	6000786	23.1	318760	3.1	
423.10868	4569489	17.1	329908	2.3	
423.12968	9464214	37.5	293380	4.8	
423.14469	2605466	8.9	270678	1.3	
423.34796	8538575	33.6	303828	4.4	
423.42072	12286434	49.3	286646	6.3	
424.11628	2548376	8.7	293324	1.3	
424.13740	3090077	10.9	332820	1.6	
424.35131	2501333	8.5	347574	1.3	
424.42414	3781352	13.8	258222	1.9	
425.10882	2643869	9.1	325602	1.4	
425.12427	6740897	26.1	301484	3.4	
425.14536	3414950	12.3	332493	1.7	
425.32731	2735063	9.4	300549	1.4	
425.36363	44198880	182.3	287132	22.6	
426.09558	2518179	8.5	325499	1.3	
426.13197	2641069	9.0	350209	1.3	
426.36696	11783403	47.2	280149	6.0	
427.10345	7099825	27.6	297614	3.6	
427.12467	3184055	11.3	321825	1.6	
427.13980	5268923	20.0	304503	2.7	
428.11130	2991810	10.4	322986	1.5	
429.08279	2937803	10.2	323839	1.5	
429.11910	8013781	31.0	288285	4.1	
429.15549	4005855	14.5	295586	2.0	
429.28584	2682882	9.1	280913	1.4	
429.30117	2702342	9.2	273951	1.4	
429.33741	2843664	9.8	308519	1.5	
430.12694	5542122	20.9	286927	2.8	
431.09841	4128247	15.0	304468	2.1	
431.11956	3251709	11.4	305403	1.7	
431.13477	26931714	108.9	286860	13.8	
431.17109	3394060	12.0	289385	1.7	
431.31672	3604020	12.9	281283	1.8	
432.10625	4004625	14.5	297431	2.0	
432.13806	6032154	22.9	264520	3.1	
432.14261	5137179	19.2	279593	2.6	
433.11410	6898733	26.4	294415	3.5	
433.12924	3079218	10.7	310576	1.6	
433.13511	2613299	8.8	296548	1.3	
433.15041	24147000	97.4	287818	12.3	
434.12185	3757388	13.5	330778	1.9	
434.15371	6081877	23.1	313481	3.1	
435.10857	2949734	10.2	307327	1.5	
435.12969	4900460	18.2	292427	2.5	
435.16604	3891831	14.1	274749	2.0	
436.13752	2843535	9.8	328869	1.5	
437.10901	2770089	9.5	310660	1.4	
437.12420	4153518	15.1	293942	2.1	
437.14532	4909236	18.3	283492	2.5	
437.36343	2865396	9.8	283544	1.5	
439.10351	3131123	10.9	314181	1.6	
439.12462	3403513	12.1	316321	1.7	
439.13994	3925758	14.2	295982	2.0	
439.37932	18946884	76.0	281823	9.7	
440.11127	2511902	8.4	313050	1.3	
440.38263	5493871	20.7	285973	2.8	
441.11908	4758860	17.6	284489	2.4	
442.12707	2787963	9.5	287460	1.4	
443.09838	2763681	9.4	291913	1.4	
443.13487	5412781	20.3	296162	2.8	
445.11401	4650506	17.2	272314	2.4	
445.15055	4626965	17.1	287426	2.4	
446.12191	3107649	10.8	309239	1.6	
446.15368	2544459	8.4	313329	1.3	
447.12965	5764218	21.5	302621	2.9	
447.16608	4324486	15.6	288680	2.2	
448.13756	2735541	9.2	307959	1.4	
449.10898	3289830	11.4	315485	1.7	
449.12402	3039979	10.4	286742	1.6	
449.13015	2716397	9.1	310799	1.4	
449.14535	6600434	24.9	288781	3.4	
449.18175	2742013	9.2	282965	1.4	
449.43628	3183438	11.0	281265	1.6	
451.10353	2597215	8.6	321779	1.3	
451.12463	3852646	13.7	306202	2.0	
451.13988	3606890	12.7	316985	1.8	
451.16100	6508913	24.5	300361	3.3	
451.37928	5847479	21.8	281727	3.0	
451.45212	4522446	16.4	275008	2.3	
452.13251	2706088	9.0	319865	1.4	
453.11909	4938725	18.1	278863	2.5	
453.14030	3418092	11.9	285727	1.7	
453.15556	3263473	11.3	311837	1.7	
453.39493	17583166	69.4	271059	9.0	
454.12703	2961707	10.1	327701	1.5	
454.39835	5131651	18.9	267545	2.6	
455.09865	2990694	10.2	286921	1.5	
455.13473	6569586	24.7	261189	3.4	
456.14268	2614715	8.7	232105	1.3	
457.11403	4835578	17.7	289480	2.5	
457.13499	2899201	9.8	285577	1.5	
457.15045	5423366	20.1	299005	2.8	
457.31715	3046717	10.4	256174	1.6	
458.12198	2836038	9.6	266144	1.4	
459.12966	6857620	25.9	272973	3.5	
459.16604	3614624	12.7	291736	1.8	
460.13766	3718372	13.1	277694	1.9	
461.07247	6823453	25.7	293050	3.5	
461.10887	3481129	12.2	286494	1.8	
461.12407	2917934	9.9	301326	1.5	
461.14523	5723701	21.3	289011	2.9	
461.18164	2698817	9.0	293188	1.4	
462.11691	3016571	10.3	307388	1.5	
463.06703	6207676	23.2	284336	3.2	
463.10337	2702536	9.0	248273	1.4	
463.12455	4349135	15.7	263962	2.2	
463.13984	3559636	12.5	280091	1.8	
463.16087	2999515	10.2	320117	1.5	
465.11918	3809141	13.5	275774	1.9	
465.14024	4787068	17.5	267012	2.4	
466.14812	2578644	8.5	259041	1.3	
467.13482	4138535	14.6	278294	2.1	
467.15595	3900974	13.7	301615	2.0	
467.41055	8642181	32.6	273677	4.4	
469.11401	3457234	11.9	275311	1.8	
469.13515	2755801	9.1	317710	1.4	
469.15047	4397279	15.7	270015	2.2	
471.12974	4479887	16.0	275631	2.3	
471.16604	3188635	10.8	293603	1.6	
472.13727	2496751	8.0	263434	1.3	
473.10894	2705988	8.9	323179	1.4	
473.14534	5658193	20.7	273307	2.9	
473.28256	8181377	30.8	262074	4.2	
474.11698	2506151	8.1	234712	1.3	
475.12455	4868363	17.5	277324	2.5	
475.13966	2501904	8.1	282269	1.3	
475.16092	4935960	17.8	256952	2.5	
476.13241	3937904	13.8	257113	2.0	
477.14020	4479958	16.0	271340	2.3	
477.15537	3066844	10.3	254519	1.6	
477.17650	2957283	9.9	323890	1.5	
477.46770	3209291	10.9	289508	1.6	
479.11975	3027609	10.2	270630	1.5	
479.13483	5273247	19.1	255193	2.7	
479.15585	3348134	11.4	253299	1.7	
479.17104	2765483	9.1	261949	1.4	
479.41046	2735873	9.0	316044	1.4	
480.14273	2995208	10.0	282984	1.5	
481.11410	2966886	9.9	253948	1.5	
481.13509	3300717	11.2	262459	1.7	
481.15037	5437811	19.8	244948	2.8	
481.42621	8450518	31.8	270114	4.3	
482.12199	2791121	9.2	309774	1.4	
482.15799	2514654	8.1	243374	1.3	
483.12967	4873278	17.5	261451	2.5	
483.15077	2552901	8.3	255948	1.3	
483.16590	3843147	13.4	307633	2.0	
484.13748	2591147	8.4	312961	1.3	
485.14533	5308186	19.3	269304	2.7	
486.17422	2703505	8.9	291776	1.4	
487.12473	4532716	16.2	248565	2.3	
487.16108	3617273	12.5	253830	1.8	
487.18207	6633985	24.6	264501	3.4	
488.13226	3080029	10.4	268927	1.6	
489.14021	4846799	17.1	267105	2.5	
489.17659	3150045	10.5	270808	1.6	
490.14821	2546242	8.1	241770	1.3	
491.13468	3687342	12.6	270066	1.9	
491.15588	3499957	11.8	300241	1.8	
492.12739	2570524	8.2	277872	1.3	
493.07764	5921404	21.4	226605	3.0	
493.13516	2665105	8.6	246575	1.4	
493.15034	5147287	18.3	268215	2.6	
493.17155	2625695	8.4	232650	1.3	
495.12972	4382070	15.3	273935	2.2	
495.15096	3807613	13.0	253433	1.9	
495.16600	4590979	16.1	260767	2.3	
495.44178	3139050	10.4	286866	1.6	
497.14529	4550756	16.0	275574	2.3	
497.18186	3474546	11.7	247387	1.8	
499.16092	3730261	12.7	267284	1.9	
500.13224	2684097	8.6	270663	1.4	
501.14019	3566139	12.1	267747	1.8	
501.32215	3023487	9.9	269208	1.5	
502.14816	2658229	8.5	305740	1.4	
503.11954	2510114	7.9	262037	1.3	
503.13461	3632424	12.3	239167	1.9	
503.15596	3317040	11.1	260754	1.7	
505.13505	2694169	8.6	230862	1.4	
505.15039	4410399	15.4	264378	2.3	
505.17167	2700327	8.7	307424	1.4	
507.12969	2965258	9.7	280257	1.5	
507.15068	2611986	8.3	259641	1.3	
507.16600	4546328	15.9	240921	2.3	
509.14531	3971588	13.7	269680	2.0	
509.16652	2869772	9.3	287278	1.5	
509.18190	2682386	8.6	290913	1.4	
511.16088	3297535	11.0	275801	1.7	
513.14023	4524014	15.6	254466	2.3	
513.17664	4083708	13.9	266750	2.1	
514.20559	11985282	44.4	250366	6.1	
515.15575	3495658	11.6	256268	1.8	
515.20902	3054335	9.9	265819	1.6	
515.21332	8311552	30.2	238191	4.2	
517.13518	2532826	7.9	280196	1.3	
517.15034	3091936	10.0	257532	1.6	
517.17161	2984424	9.6	303314	1.5	
517.31704	5101087	17.8	225117	2.6	
519.15088	3236056	10.6	221514	1.7	
519.16606	3064030	9.9	277655	1.6	
521.14531	5843918	20.7	233966	3.0	
523.12449	3081918	10.0	299789	1.6	
523.14578	2949830	9.5	267546	1.5	
523.16104	6471372	23.1	252068	3.3	
523.19723	2596570	8.1	269908	1.3	
525.14020	3412412	11.2	264871	1.7	
525.17664	5620170	19.8	237326	2.9	
527.15588	4768953	16.5	242846	2.4	
527.19222	2872518	9.2	240623	1.5	
529.17162	3005365	9.7	270753	1.5	
531.12938	2521243	7.8	193385	1.3	
531.15052	3341987	11.0	249691	1.7	
531.16591	2639529	8.3	289880	1.3	
531.18714	2595505	8.1	219727	1.3	
532.15884	2635809	8.2	235858	1.3	
533.14547	3320214	10.9	263109	1.7	
533.16622	2642334	8.3	199206	1.3	
533.18163	2805155	8.9	228159	1.4	
535.16108	5253263	18.4	246938	2.7	
537.14048	3310457	10.8	205761	1.7	
537.17663	5053319	17.6	215015	2.6	
539.15569	5107311	17.8	250727	2.6	
539.19228	2777725	8.8	237987	1.4	
541.13545	2627926	8.0	259374	1.3	
541.17145	5785955	20.0	244219	3.0	
541.20800	2660721	8.2	274654	1.4	
543.15104	2858056	8.9	260306	1.5	
543.18715	3544149	11.5	252066	1.8	
545.16632	2553655	7.8	282185	1.3	
546.39256	17756416	65.5	235963	9.1	
547.16101	3240477	10.4	261716	1.7	
547.39591	6781557	23.8	241431	3.5	
549.14024	3693819	12.1	251899	1.9	
549.17668	3882249	12.8	256566	2.0	
551.15588	4972517	16.9	237260	2.5	
551.19213	4906994	16.7	255592	2.5	
553.13491	3362494	10.8	228644	1.7	
553.17164	6126284	21.3	231712	3.1	
553.20789	3627737	11.8	246643	1.9	
554.17935	3037247	9.6	231384	1.6	
555.15074	3884451	12.8	250686	2.0	
555.18719	6819249	24.0	232640	3.5	
557.16627	3551366	11.5	222091	1.8	
558.17448	2586103	7.9	198885	1.3	
559.18218	3896167	12.8	237590	2.0	
561.16105	2725432	8.4	236847	1.4	
561.17652	3634750	11.8	246183	1.9	
563.15567	2700557	8.3	206017	1.4	
563.17706	2584853	7.9	210030	1.3	
563.19223	3341594	10.7	229165	1.7	
565.13513	3029978	9.5	273031	1.5	
565.17127	4279271	14.3	230154	2.2	
565.20785	3111924	9.9	237143	1.6	
567.15090	3784370	12.4	221746	1.9	
567.18713	12099263	44.0	227669	6.2	
568.19057	2722857	8.4	261745	1.4	
569.16653	4731272	15.7	234279	2.4	
569.20276	4245909	13.9	236281	2.2	
571.18208	5057628	16.9	223045	2.6	
571.21852	4244585	13.9	237972	2.2	
572.46577	5553704	18.7	220056	2.8	
573.16130	3062560	9.5	255143	1.6	
573.19756	4224813	13.8	228707	2.2	
576.12741	6884163	23.7	231689	3.5	
577.17149	3501238	11.1	244303	1.8	
579.15101	3073908	9.5	256443	1.6	
579.18710	5746561	19.5	224179	2.9	
579.22379	2716558	8.2	255193	1.4	
581.16636	4309566	14.1	235589	2.2	
581.20283	11489866	40.8	219325	5.9	
582.20617	3539885	11.2	247897	1.8	
583.18206	8013061	27.9	214340	4.1	
583.21845	4646161	15.4	260726	2.4	
584.18976	2925159	8.9	182476	1.5	
584.46563	3282632	10.3	208755	1.7	
585.19772	6500298	22.3	213184	3.3	
586.48135	5857676	19.9	227083	3.0	
587.17694	2678400	8.0	237610	1.4	
587.21325	3461772	10.9	252867	1.8	
589.17150	2915641	8.9	248056	1.5	
589.19248	4037952	13.1	231287	2.1	
589.59295	3537356	11.2	220337	1.8	
591.18714	3940344	12.7	226654	2.0	
593.16662	3218088	10.0	232998	1.6	
593.20279	5946036	20.2	212321	3.0	
594.21067	2582546	7.6	196639	1.3	
594.50987	3117177	9.6	182028	1.6	
594.55887	2846858	8.6	247975	1.5	
595.18199	4928866	16.4	212112	2.5	
595.21832	4386159	14.4	199908	2.2	
597.16103	2956302	9.0	228897	1.5	
597.19764	5971995	20.3	191808	3.1	
597.23426	3049511	9.4	242671	1.6	
598.48139	6293973	21.5	212713	3.2	
599.17706	4199108	13.7	203727	2.1	
599.21328	5028561	16.8	186016	2.6	
600.49693	12295306	43.8	215032	6.3	
601.17167	2618737	7.8	222503	1.3	
601.19268	4269433	13.9	228967	2.2	
601.22899	3452293	10.9	178340	1.8	
601.50037	3917282	12.6	206801	2.0	
603.20781	3757099	11.8	206000	1.9	
605.20276	3088084	9.3	226287	1.6	
607.18212	4083061	12.9	219856	2.1	
607.21837	2576770	7.4	205401	1.3	
609.16138	2624533	7.6	248268	1.3	
609.19770	7342113	24.8	205105	3.8	
609.23413	11540526	40.1	215688	5.9	
610.23741	4403586	14.1	196568	2.2	
611.17711	4633279	14.9	207769	2.4	
611.21346	7891660	26.8	215273	4.0	
612.21694	2968606	8.9	202961	1.5	
612.49709	3841149	12.0	212750	2.0	
613.19279	4382055	14.0	220776	2.2	
613.22916	5234035	17.1	201126	2.7	
614.51270	4056867	12.8	211531	2.1	
615.20848	4200461	13.4	222339	2.1	
617.22418	3752625	11.7	208081	1.9	
619.20294	2904390	8.6	188166	1.5	
621.19759	2873311	8.5	213747	1.5	
622.59058	3772846	11.8	202143	1.9	
623.21322	2841213	8.4	203795	1.5	
624.60634	2562122	7.4	219228	1.3	
625.19265	2731788	8.0	160870	1.4	
626.51257	4236993	13.5	206141	2.2	
627.20813	4482982	14.4	188901	2.3	
627.24471	3553202	11.0	168687	1.8	
628.52831	3527001	10.9	218527	1.8	
629.22377	6718014	22.5	210857	3.4	
631.20330	3124424	9.4	219261	1.6	
631.23937	3079380	9.2	229281	1.6	
633.21903	3413851	10.5	227044	1.7	
637.19308	2968682	8.8	216814	1.5	
639.20827	9772792	33.6	206456	5.0	
639.24468	4128515	12.7	229620	2.1	
640.21169	3756092	11.4	212716	1.9	
641.09056	5192024	16.5	201884	2.7	
641.22390	4247940	13.1	203183	2.2	
641.26045	2832783	8.1	196048	1.4	
643.23958	3116045	9.1	213046	1.6	
645.19748	2582146	7.2	206568	1.3	
647.23436	3638543	11.0	181735	1.9	
649.21353	2912135	8.4	197005	1.5	
653.22453	2852994	8.2	230390	1.5	
655.23954	2788096	7.9	223806	1.4	
656.07770	5786633	18.6	201407	3.0	
657.21885	3765616	11.4	220269	1.9	
657.25503	5983612	19.3	184985	3.1	
658.25876	2907832	8.4	180862	1.5	
659.23431	3928042	12.0	225271	2.0	
663.20823	2692294	7.6	219212	1.4	
669.21873	2764818	7.8	217117	1.4	
677.24495	4158902	12.8	192440	2.1	
687.26581	5480865	16.9	179302	2.8	
689.22405	2882546	8.0	188541	1.5	
703.23953	2697339	7.3	159382	1.4	
719.23455	2571109	6.9	193015	1.3	
731.23462	3411390	9.4	206648	1.7	
733.25004	2685997	7.0	193240	1.4	
747.22994	3000647	8.0	152717	1.5	
747.26602	2766163	7.3	180102	1.4	
759.26615	3328106	9.1	197216	1.7	
797.11333	3517352	9.3	167587	1.8	
