m/z	I	S/N	Res.	I %	
100.33332	7558655	37.5	1229367	0.4	
147.02991	2413638	10.6	808123	0.1	
149.00857	7898001	39.3	853009	0.4	
149.00916	92393872	480.5	841760	4.4	
150.01251	3385280	15.7	840811	0.2	
150.49957	3763929	17.7	783547	0.2	
150.50027	3872985	18.2	845234	0.2	
159.02989	3726233	17.5	860705	0.2	
161.04554	6459792	31.7	823316	0.3	
165.01935	2456541	10.8	741089	0.1	
165.04045	3355872	15.4	718543	0.2	
167.03498	2446394	10.7	804734	0.1	
168.00642	5380590	25.9	802578	0.3	
169.01346	3794096	17.6	840779	0.2	
169.01425	50621104	259.4	740916	2.4	
170.01761	4254586	20.0	789671	0.2	
173.00916	9123330	45.0	774268	0.4	
175.02481	8351708	40.9	732891	0.4	
175.06119	3501029	16.0	724712	0.2	
176.10635	9389286	46.2	727903	0.4	
177.01933	3485646	15.9	716090	0.2	
177.03961	5531603	26.4	747592	0.3	
177.04046	82018768	418.9	703580	3.9	
178.04382	5975769	28.6	731551	0.3	
178.99861	4757464	22.4	744518	0.2	
179.03498	6099938	29.2	721062	0.3	
179.05611	14701543	73.2	713506	0.7	
181.01425	4490247	20.9	735774	0.2	
181.05063	11404817	56.2	716657	0.5	
183.02990	3213905	14.4	675358	0.2	
189.04046	2397629	10.2	780960	0.1	
191.01874	3007070	13.2	787764	0.1	
191.01939	2990686	13.1	1267709	0.1	
191.01973	41857628	209.3	652744	2.0	
191.03499	4594276	21.2	637023	0.2	
191.05611	4568171	21.1	713610	0.2	
192.02309	3479484	15.6	756065	0.2	
193.01424	11341082	55.3	634806	0.5	
193.03435	4612386	21.3	751059	0.2	
193.03538	61166880	306.8	640134	2.9	
193.05064	7390503	35.3	688415	0.3	
194.03874	3641994	16.4	665333	0.2	
194.99351	15091686	73.9	643766	0.7	
195.02990	5285876	24.6	688705	0.2	
195.04998	5712891	26.8	710771	0.3	
195.05103	81229816	406.6	634767	3.8	
195.06625	4550657	20.9	591624	0.2	
196.03775	3038057	13.3	675261	0.1	
196.05439	5591407	26.2	663694	0.3	
197.00915	4359893	20.0	678934	0.2	
197.01253	2750166	11.9	750531	0.1	
197.04555	20224738	99.7	634769	1.0	
201.04045	3451629	15.3	693443	0.2	
205.01425	5311289	24.5	655661	0.3	
205.03538	16779074	81.8	597736	0.8	
205.05064	2400072	10.0	656786	0.1	
206.02209	2722524	11.6	657401	0.1	
206.99351	3484276	15.4	687331	0.2	
207.02990	7164548	33.6	617749	0.3	
207.05103	9998989	47.7	621349	0.5	
207.06629	16765587	81.4	603608	0.8	
208.00134	3464224	15.2	652843	0.2	
209.00916	7878095	37.2	621247	0.4	
209.03030	4404696	19.9	634478	0.2	
209.04555	8381919	39.7	612939	0.4	
209.06668	3881960	17.3	625106	0.2	
211.02482	8356154	39.4	622688	0.4	
211.06122	4572490	20.7	598684	0.2	
213.00408	2740386	11.6	723081	0.1	
213.04048	2901170	12.4	686324	0.1	
215.03281	2753582	11.6	714777	0.1	
215.05613	2461753	10.2	607946	0.1	
219.02989	3949392	17.5	533053	0.2	
219.04972	4219738	18.8	671731	0.2	
219.05060	4695898	21.2	1000109	0.2	
219.05103	58752856	287.5	564674	2.8	
219.06629	3376993	14.7	637192	0.2	
220.05438	4969772	22.4	588797	0.2	
221.00917	19284714	92.6	570845	0.9	
221.04555	6128378	28.1	544683	0.3	
221.06668	17687300	84.8	568159	0.8	
222.01701	3557570	15.5	603363	0.2	
222.98843	13547148	64.5	540372	0.6	
223.02484	10364573	48.9	552681	0.5	
223.04596	6337191	29.1	558810	0.3	
223.06121	8400558	39.2	551588	0.4	
223.99625	14878826	70.7	574717	0.7	
224.03265	2821755	11.8	613730	0.1	
225.00409	6742602	30.9	606038	0.3	
225.04047	12089947	57.1	569224	0.6	
225.07685	6789740	31.2	598900	0.3	
227.01971	2949136	12.4	603863	0.1	
227.05614	3329569	14.3	631393	0.2	
229.03537	2775518	11.5	593907	0.1	
233.00917	5809522	26.2	562674	0.3	
233.04550	4366724	19.2	568241	0.2	
234.01700	3807073	16.5	573579	0.2	
235.02482	18746706	88.6	534044	0.9	
235.06121	5255524	23.4	533455	0.2	
236.02813	2961729	12.3	556253	0.1	
236.03260	3285316	13.9	531983	0.2	
237.00409	17723684	83.7	540381	0.8	
237.04047	10066230	46.7	529650	0.5	
237.06161	7958849	36.5	563338	0.4	
237.07686	2916681	12.1	588464	0.1	
238.01192	2569496	10.4	494304	0.1	
239.01973	18552076	87.7	519279	0.9	
239.05611	7466271	34.1	538665	0.4	
239.07723	2742058	11.3	608404	0.1	
240.02314	2544896	10.3	532630	0.1	
240.02754	3237634	13.6	495790	0.2	
240.99899	4581606	20.0	602582	0.2	
241.03539	15083768	70.5	536068	0.7	
241.07178	5500170	24.5	524412	0.3	
245.00919	6211767	27.9	510072	0.3	
245.04554	2695881	11.0	553436	0.1	
246.01699	4645551	20.2	557960	0.2	
246.98667	2988179	12.3	572016	0.1	
246.98843	31904916	150.5	502603	1.5	
247.02482	39933092	188.9	504532	1.9	
247.06119	4118712	17.7	514692	0.2	
247.08234	9897154	45.3	506066	0.5	
247.99176	3593353	15.2	497572	0.2	
247.99627	11605643	53.5	511186	0.5	
248.02819	5225115	23.0	527222	0.2	
248.03264	2897565	11.9	578293	0.1	
249.00409	13334658	61.8	516960	0.6	
249.04047	16296084	75.9	492227	0.8	
249.06158	4807839	21.0	510602	0.2	
249.07686	3207846	13.3	488741	0.2	
250.01187	4820601	21.1	506841	0.2	
250.04828	2458763	9.8	569807	0.1	
251.01974	14347375	66.6	513452	0.7	
251.05614	8332417	37.8	505033	0.4	
251.07723	6431884	28.6	517013	0.3	
252.02753	3724901	15.7	480336	0.2	
253.03537	7874650	35.4	475757	0.4	
253.05652	5563492	24.5	502447	0.3	
253.07178	6277228	27.8	527837	0.3	
255.05103	4854849	21.1	510840	0.2	
257.04555	2844699	11.5	493349	0.1	
257.06671	3410981	14.2	518212	0.2	
259.02481	5510120	24.0	497311	0.3	
259.02820	11488234	52.3	485058	0.5	
259.06119	4227066	18.0	531961	0.2	
259.99628	3763652	15.8	514317	0.2	
261.00218	7876528	35.2	566440	0.4	
261.00409	106131376	499.3	468615	5.0	
261.04045	7346114	32.7	506079	0.3	
261.06164	2750925	11.0	534183	0.1	
261.07687	3309524	13.6	530261	0.2	
262.00743	12890521	58.9	471736	0.6	
262.01190	16978332	78.2	484859	0.8	
262.04825	3808685	16.0	480490	0.2	
262.98335	3258227	13.4	538263	0.2	
263.01973	15254404	70.1	475338	0.7	
263.05612	11881366	54.1	465637	0.6	
263.07726	3057056	12.4	491192	0.1	
264.02757	4925804	21.1	496889	0.2	
264.99833	2635583	10.4	1194795	0.1	
264.99900	23557952	108.6	475194	1.1	
265.03539	21682000	99.8	460897	1.0	
265.05651	3422043	14.1	480244	0.2	
265.07176	6039394	26.4	489642	0.3	
266.00236	2714913	10.8	517502	0.1	
266.03873	2807602	11.2	483284	0.1	
266.04320	3401012	14.0	510310	0.2	
267.01464	11037444	49.8	462771	0.5	
267.05103	12450581	56.4	473097	0.6	
267.07216	21068576	96.9	460692	1.0	
267.08743	3489575	14.4	478679	0.2	
268.05884	6022389	26.3	467440	0.3	
269.00913	2991798	12.0	509539	0.1	
269.03030	19144384	87.9	460823	0.9	
269.06667	6749905	29.7	479961	0.3	
269.08779	5494491	23.8	470404	0.3	
270.03812	3219610	13.1	496918	0.2	
271.02480	3064424	12.3	559962	0.1	
271.02817	2435178	9.4	489501	0.1	
271.04595	28615282	131.4	456806	1.3	
271.06119	2985081	11.9	476887	0.1	
272.04928	2686021	10.5	531305	0.1	
273.00411	5038591	21.5	498818	0.2	
273.04045	5551632	23.9	459662	0.3	
273.06155	3032090	12.1	474447	0.1	
273.07689	5047841	21.5	435600	0.2	
274.01191	5497807	23.6	469463	0.3	
274.98332	3228556	13.1	374701	0.2	
275.01973	14342556	64.9	446983	0.7	
275.05610	5628333	24.2	458130	0.3	
275.07716	2506678	9.7	538534	0.1	
275.99116	3635030	14.9	477174	0.2	
276.02760	3586918	14.7	471980	0.2	
276.99897	9745692	43.4	447566	0.5	
277.03538	21384492	97.7	445309	1.0	
277.03875	4746542	20.1	461261	0.2	
277.05653	2818358	11.1	365420	0.1	
277.07176	7679293	33.8	464549	0.4	
278.00680	4007648	16.7	435564	0.2	
278.03870	3171054	12.8	455540	0.1	
278.04322	5457648	23.4	456254	0.3	
279.01465	19607712	88.8	450508	0.9	
279.05104	15159472	68.2	446203	0.7	
279.07215	3298490	13.3	435828	0.2	
279.08742	3635392	14.8	490548	0.2	
280.01801	2645083	10.3	494379	0.1	
280.05435	2745451	10.7	483319	0.1	
280.05888	4808301	20.3	481753	0.2	
281.03030	21259286	96.4	448502	1.0	
281.05139	4741152	20.0	489334	0.2	
281.06669	7312422	31.9	451568	0.3	
281.08781	13222959	59.2	440847	0.6	
282.03369	2619850	10.1	416767	0.1	
283.00956	7272302	31.7	476568	0.3	
283.02483	3951477	16.3	497261	0.2	
283.04594	12568446	56.2	446059	0.6	
283.08233	4310925	18.0	492008	0.2	
285.00411	7664318	33.5	440098	0.4	
285.04044	5053133	21.4	445748	0.2	
285.06161	6132438	26.4	463761	0.3	
285.07688	2998492	11.9	428990	0.1	
286.98337	3445239	13.8	434657	0.2	
287.01975	6594054	28.3	413573	0.3	
287.05611	6088213	26.0	441421	0.3	
287.07730	2671133	10.3	455486	0.1	
288.02756	3860387	15.8	433864	0.2	
288.06402	2897330	11.3	429231	0.1	
288.99901	11612462	51.4	434251	0.5	
289.03542	11436348	50.6	433901	0.5	
289.03639	2721085	10.5	554273	0.1	
289.03876	34693436	157.5	420421	1.6	
289.05657	3565893	14.4	459120	0.2	
289.07177	6773067	29.1	449042	0.3	
290.00684	11371203	50.3	448169	0.5	
290.04212	3859153	15.7	428651	0.2	
290.04315	3003601	11.8	390771	0.1	
290.08816	3547875	14.3	457057	0.2	
291.01466	15930451	71.2	418458	0.8	
291.05103	13067362	58.1	426875	0.6	
291.07213	2846314	11.1	435579	0.1	
291.08738	2976880	11.7	462719	0.1	
292.01798	3051998	12.0	419000	0.1	
292.02251	4062688	16.7	452710	0.2	
292.05887	3347950	13.4	463218	0.2	
293.03030	36882280	167.6	413455	1.7	
293.06669	7182198	31.0	438370	0.3	
293.08778	2768766	10.7	466990	0.1	
294.03363	5014762	20.9	442290	0.2	
294.03810	8958188	38.9	429021	0.4	
295.00957	17627742	78.4	422100	0.8	
295.04595	39766636	179.5	418774	1.9	
295.06708	4616820	19.1	428329	0.2	
295.08234	6777466	28.9	427227	0.3	
296.04932	5443558	22.8	427424	0.3	
296.05373	5452776	22.9	422832	0.3	
297.02525	7845202	33.8	438169	0.4	
297.04047	2634072	10.0	458571	0.1	
297.06159	10032479	43.8	422604	0.5	
297.08270	4783464	19.8	442019	0.2	
297.09796	3644781	14.6	470504	0.2	
299.01974	5976111	25.3	427512	0.3	
299.04086	2949174	11.5	420167	0.1	
299.05609	4212796	17.2	433283	0.2	
299.07729	3981379	16.2	429840	0.2	
299.09249	3113033	12.2	458189	0.1	
299.98857	4884877	20.3	434472	0.2	
299.99118	57225612	259.1	410439	2.7	
300.02752	2458011	9.2	418473	0.1	
300.99423	10326773	45.1	545166	0.5	
300.99642	149664496	681.0	448703	7.1	
300.99900	2120135424	9673.1	405618	100.0	
301.00203	53621496	242.7	549956	2.5	
301.05651	20419338	91.2	413573	1.0	
301.07177	9657104	42.1	421765	0.5	
301.99977	22885466	102.4	468286	1.1	
302.00236	323269728	1473.2	400785	15.2	
302.05988	3225710	12.7	416361	0.2	
303.00067	2651576	10.0	489528	0.1	
303.00324	34534840	154.4	397781	1.6	
303.00572	23393722	103.9	393734	1.1	
303.01465	7628221	32.5	399725	0.4	
303.05105	9567690	41.3	400245	0.5	
303.07219	5396945	22.4	408729	0.3	
303.08742	8226262	35.3	422110	0.4	
304.00657	4424469	18.0	420135	0.2	
304.02245	4743963	19.5	428744	0.2	
304.05880	3475239	13.7	427774	0.2	
304.99393	16148584	71.1	412145	0.8	
305.02766	3881076	15.6	503241	0.2	
305.03030	47446132	212.8	400198	2.2	
305.06669	9840769	42.6	425104	0.5	
305.08773	2585737	9.7	426491	0.1	
305.10308	2488462	9.3	465978	0.1	
306.03366	7289290	31.0	426140	0.3	
306.03813	10353100	44.9	396819	0.5	
306.07454	3287512	12.9	482267	0.2	
307.00957	7973651	34.1	402467	0.4	
307.04329	3377950	13.3	471971	0.2	
307.04595	45595424	204.5	403102	2.2	
307.06709	6716198	28.4	416879	0.3	
307.08234	7654187	32.7	419094	0.4	
308.04933	6550638	27.7	412265	0.3	
308.05375	6696047	28.3	416146	0.3	
309.02521	12996015	56.8	402621	0.6	
309.06162	14966203	65.8	399220	0.7	
309.08274	6563267	27.7	403703	0.3	
309.09801	3175880	12.4	426165	0.1	
309.11912	3411406	13.4	387938	0.2	
310.03306	3270393	12.8	412389	0.2	
310.06947	2907909	11.2	456754	0.1	
311.01977	3424313	13.5	404072	0.2	
311.03816	2646079	10.0	580177	0.1	
311.04088	35520576	158.8	394489	1.7	
311.05611	3456068	13.6	415506	0.2	
311.06202	6979654	29.6	399932	0.3	
311.07725	9611339	41.5	404044	0.5	
311.09834	4357202	17.7	373167	0.2	
312.04422	4267393	17.2	438576	0.2	
312.04867	7199107	30.3	394807	0.3	
312.99901	14762672	64.3	401725	0.7	
313.03540	5657276	23.4	406810	0.3	
313.05652	32637634	144.6	391969	1.5	
313.07178	4870856	19.9	400746	0.2	
313.09289	3109582	12.0	509936	0.1	
313.11403	3168469	12.2	359804	0.1	
314.00235	3130348	12.1	473886	0.1	
314.00683	30237678	133.8	384692	1.4	
314.04316	3471353	13.6	422917	0.2	
314.05987	5102590	20.9	400369	0.2	
314.06434	16471040	72.0	380616	0.8	
314.07954	3077124	11.8	408944	0.1	
315.01018	5055783	20.7	416699	0.2	
315.01465	75990312	339.3	386484	3.6	
315.05107	9063731	38.7	394494	0.4	
315.06933	3747129	14.8	465454	0.2	
315.07217	50529592	224.9	386503	2.4	
315.08741	6749503	28.3	410888	0.3	
315.98610	20596308	90.5	394948	1.0	
316.01800	12064350	52.2	385831	0.6	
316.02248	3541599	13.9	418204	0.2	
316.05886	4464234	18.1	429693	0.2	
316.07552	7951984	33.7	406819	0.4	
316.09528	2755190	10.4	397532	0.1	
316.98949	3089287	11.9	435448	0.1	
316.99392	25184136	111.1	386344	1.2	
317.03031	19093396	83.7	377916	0.9	
317.06669	15378335	67.1	385727	0.7	
317.08792	2456485	9.0	396131	0.1	
317.10312	4921258	20.1	374951	0.2	
317.99731	4671673	19.0	430980	0.2	
318.03362	3249348	12.6	453635	0.2	
318.03812	10983621	47.3	395813	0.5	
318.07457	5347536	22.0	411570	0.3	
319.00958	13154793	57.1	407921	0.6	
319.04307	3907059	15.5	465109	0.2	
319.04595	55806452	248.6	383194	2.6	
319.06710	4150779	16.6	422308	0.2	
319.08233	8458751	36.0	399816	0.4	
320.01741	6753046	28.3	397591	0.3	
320.04930	8098591	34.4	380479	0.4	
320.05379	4749089	19.3	391936	0.2	
321.02522	20610112	90.6	380093	1.0	
321.06161	14548042	63.3	389515	0.7	
321.08273	50498640	224.8	380339	2.4	
321.09798	5019733	20.5	395927	0.2	
322.02864	3328357	12.8	398904	0.2	
322.03306	7202151	30.1	390605	0.3	
322.06937	3994993	15.8	408560	0.2	
322.08609	6931830	28.9	378065	0.3	
323.03791	4918922	19.9	411864	0.2	
323.04087	71470728	316.2	374187	3.4	
323.07726	13545110	58.3	392212	0.6	
323.09838	6862492	28.6	386025	0.3	
324.04423	11321260	48.4	399685	0.5	
324.04865	3611565	14.1	370439	0.2	
324.08513	2674616	9.9	439897	0.1	
324.99900	28479676	124.8	370580	1.3	
325.02010	6371523	26.4	391038	0.3	
325.03538	3602631	14.0	401579	0.2	
325.05652	18501836	80.4	377518	0.9	
325.07185	2754769	10.3	382912	0.1	
325.07765	59379924	262.4	374989	2.8	
325.09292	7069912	29.5	387162	0.3	
325.11396	2523869	9.2	361594	0.1	
326.00236	4529625	18.2	382087	0.2	
326.08092	6347247	26.3	371327	0.3	
326.97826	5294828	21.6	400795	0.2	
327.01465	11219701	48.0	376626	0.5	
327.03572	3689211	14.4	410002	0.2	
327.05104	7031552	29.3	381153	0.3	
327.07222	4854534	19.6	395017	0.2	
327.08743	9696010	41.2	377359	0.5	
327.09333	4320012	17.2	388293	0.2	
328.02247	3552271	13.8	377867	0.2	
328.05880	3836953	15.1	394751	0.2	
328.99393	22648092	98.8	373911	1.1	
329.03031	27030822	118.3	376410	1.3	
329.05146	7107883	29.6	381899	0.3	
329.06667	11748655	50.3	392245	0.6	
329.08783	6384949	26.4	374012	0.3	
329.10306	6622522	27.5	387766	0.3	
329.23335	3146077	12.0	399303	0.1	
329.99726	3455535	13.4	410836	0.2	
330.00180	2601008	9.6	384150	0.1	
330.03363	3725881	14.6	389655	0.2	
330.03814	5277242	21.5	372400	0.2	
330.05925	6100544	25.2	392898	0.3	
330.07460	5146180	20.9	405567	0.2	
331.00960	11888451	50.9	367669	0.6	
331.04595	15591245	67.4	380992	0.7	
331.06396	8357714	35.2	440740	0.4	
331.06708	125851472	558.3	366385	5.9	
331.08232	16156503	69.9	366645	0.8	
331.11881	2877281	10.8	389726	0.1	
332.01291	2763859	10.2	457475	0.1	
332.01737	5886036	24.0	380572	0.3	
332.05377	5308510	21.4	372548	0.3	
332.07044	16861282	72.4	376266	0.8	
332.08571	2716774	10.0	427677	0.1	
332.09013	2654824	9.7	378295	0.1	
332.98881	8098137	33.7	374437	0.4	
333.02200	3010914	11.3	452905	0.1	
333.02522	38173028	166.4	365101	1.8	
333.05916	3051372	11.5	252332	0.1	
333.06162	19650924	84.7	371732	0.9	
333.06504	4438382	17.6	419162	0.2	
333.08273	3380594	12.9	410070	0.2	
333.09800	12278134	52.2	370474	0.6	
333.99665	13388390	57.1	377334	0.6	
334.02857	6632047	27.3	379221	0.3	
334.03304	14645872	62.6	370689	0.7	
334.06500	3878520	15.1	404059	0.2	
334.06943	5460602	22.1	376474	0.3	
335.03647	2853754	10.6	416577	0.1	
335.03763	2616186	9.6	435417	0.1	
335.04087	35412860	154.2	364815	1.7	
335.07725	12209028	51.9	369936	0.6	
335.09825	2500490	9.0	385229	0.1	
335.11363	2771854	10.2	428205	0.1	
336.04424	6364291	26.1	375794	0.3	
336.04871	7443588	30.9	349512	0.4	
337.02014	25804162	111.8	361595	1.2	
337.05650	16268684	69.8	365890	0.8	
337.07768	9905553	41.7	356628	0.5	
337.09289	6956438	28.7	359693	0.3	
338.02350	4910728	19.7	384482	0.2	
338.02801	2576009	9.4	413631	0.1	
338.06432	4097682	16.1	399030	0.2	
339.01465	10399624	43.9	362201	0.5	
339.03578	9621389	40.5	371368	0.5	
339.07218	23322518	100.9	361817	1.1	
339.09330	86892440	381.3	357391	4.1	
339.10851	3207072	12.2	384132	0.2	
340.01790	2535561	9.2	418296	0.1	
340.02250	2688139	9.9	391439	0.1	
340.07555	4368536	17.3	368481	0.2	
340.08001	6447258	26.5	382811	0.3	
340.09666	10805406	45.7	369654	0.5	
340.99392	17113474	73.5	363132	0.8	
341.03032	9707916	40.8	385870	0.5	
341.05144	9959825	41.9	361880	0.5	
341.06670	5992854	24.4	328096	0.3	
341.08783	9531803	40.1	369037	0.4	
341.10305	5759391	23.4	364981	0.3	
341.10894	14053792	60.0	354377	0.7	
341.99725	2872962	10.7	418238	0.1	
342.00171	2906755	10.8	400814	0.1	
342.03818	3958412	15.5	387339	0.2	
342.07460	3112597	11.7	396816	0.1	
343.00955	15197058	64.4	356728	0.7	
343.04595	13480843	56.9	362358	0.6	
343.06712	6673296	27.2	360366	0.3	
343.08234	10650516	44.6	366508	0.5	
343.10351	2913177	10.8	380430	0.1	
344.01291	3262590	12.3	371679	0.2	
344.01739	3847295	14.8	374218	0.2	
344.04931	3003527	11.1	354416	0.1	
344.05381	6108297	24.7	363808	0.3	
344.09019	3438737	13.0	370737	0.2	
344.98884	31090034	133.8	349305	1.5	
345.02523	22816124	97.7	356995	1.1	
345.06162	24544644	105.2	355112	1.2	
345.08269	4284810	16.7	368655	0.2	
345.09800	12002701	50.5	358910	0.6	
345.22836	2592174	9.3	438290	0.1	
345.99218	6315628	25.6	364751	0.3	
345.99328	2676333	9.7	523801	0.1	
345.99666	23422574	100.3	354825	1.1	
346.02854	4301429	16.8	368448	0.2	
346.03303	4730487	18.7	381000	0.2	
346.06493	5459583	21.9	368908	0.3	
346.06942	11040383	46.3	358637	0.5	
346.10128	2488455	8.9	356078	0.1	
346.10577	4784777	18.9	350836	0.2	
347.00005	5019494	20.0	384081	0.2	
347.00445	6285159	25.5	350267	0.3	
347.04087	13830000	58.4	345979	0.7	
347.06200	5545846	22.2	383481	0.3	
347.07726	60401528	261.9	351885	2.8	
347.11365	5578626	22.4	342589	0.3	
348.04428	2466920	8.8	390208	0.1	
348.04866	7540841	31.0	352570	0.4	
348.08059	10487921	43.8	354341	0.5	
348.08507	3624050	13.9	356273	0.2	
349.02016	12511576	52.7	361600	0.6	
349.05650	24430944	104.7	348548	1.2	
349.09293	9052522	37.6	360277	0.4	
350.02781	2985551	11.1	372451	0.1	
350.05993	4496983	17.7	363193	0.2	
350.06431	5866072	23.6	344636	0.3	
351.03579	25357124	108.8	341503	1.2	
351.05690	4710218	18.6	364146	0.2	
351.07217	16608077	70.6	345092	0.8	
351.09329	3021651	11.2	376572	0.1	
351.10855	4669271	18.4	340482	0.2	
352.03914	4213817	16.4	402378	0.2	
352.04367	2629690	9.5	437585	0.1	
352.07551	2858050	10.5	395347	0.1	
352.07997	4031555	15.6	376691	0.2	
352.99389	7802144	32.1	353346	0.4	
353.03027	4523305	17.8	377059	0.2	
353.05145	40004908	172.8	342589	1.9	
353.06673	3500338	13.3	374993	0.2	
353.07256	12791091	53.9	356629	0.6	
353.08782	9448759	39.3	362008	0.4	
353.10309	5260603	21.0	362071	0.2	
353.10894	6268220	25.4	363286	0.3	
354.05480	5457441	21.9	377114	0.3	
355.00956	8937223	36.7	375026	0.4	
355.03075	3607308	13.6	353389	0.2	
355.04594	5472016	21.7	341744	0.3	
355.06713	6760213	27.3	352225	0.3	
355.08235	7669528	31.2	349830	0.4	
355.08821	22638362	95.9	349668	1.1	
355.10346	4053789	15.6	377992	0.2	
355.11867	6393633	25.7	334457	0.3	
356.01741	2471929	8.7	395060	0.1	
356.05378	3099650	11.4	392965	0.1	
356.09012	2569226	9.1	318713	0.1	
356.09152	3092491	11.4	380631	0.1	
357.02525	11694315	48.6	344153	0.6	
357.04643	3034352	11.2	332291	0.1	
357.06158	9953523	41.1	352942	0.5	
357.08274	5472505	21.7	337675	0.3	
357.09799	8061180	32.9	343797	0.4	
357.10387	18759934	79.1	341089	0.9	
358.03304	3537372	13.3	369131	0.2	
358.06943	4597221	17.9	345740	0.2	
358.10725	2725870	9.8	304560	0.1	
359.00446	10093252	41.7	335320	0.5	
359.04089	11567821	48.0	343902	0.5	
359.06194	2535122	9.0	399192	0.1	
359.07725	11244245	46.6	333086	0.5	
359.09841	5425883	21.5	358584	0.3	
359.11363	6279902	25.2	364360	0.3	
360.01212	2777012	10.0	328859	0.1	
360.04436	2608060	9.3	386631	0.1	
360.04865	5899197	23.5	334657	0.3	
360.08064	2522053	8.9	320410	0.1	
360.08513	4861894	19.0	336753	0.2	
361.02014	21320868	90.2	343227	1.0	
361.05651	21427372	90.7	346580	1.0	
361.07773	3830962	14.6	358739	0.2	
361.09291	17245366	72.6	349974	0.8	
361.12937	2955454	10.8	349278	0.1	
362.02360	3965331	15.2	343047	0.2	
362.02798	11957652	49.7	355085	0.6	
362.05998	3184028	11.8	342361	0.2	
362.06440	6624669	26.7	358587	0.3	
362.09624	3355045	12.5	385858	0.2	
362.10074	2673062	9.6	393284	0.1	
363.03158	2782851	10.1	278244	0.1	
363.03580	16250500	68.3	341498	0.8	
363.07219	22673036	96.0	330760	1.1	
363.10855	12973717	54.1	342242	0.6	
364.03916	3238770	12.0	334388	0.2	
364.04361	3647347	13.8	361203	0.2	
364.07551	3855227	14.7	370859	0.2	
365.05144	15927394	66.9	337055	0.8	
365.08784	9328747	38.4	331140	0.4	
365.10913	2723952	9.8	323711	0.1	
365.12417	2826356	10.2	337458	0.1	
366.05487	2962769	10.8	340812	0.1	
366.05924	3597650	13.6	344985	0.2	
367.00960	6545971	26.0	336832	0.3	
367.03071	3313208	12.2	323709	0.2	
367.04592	4183612	15.9	346516	0.2	
367.06710	14735937	61.1	339426	0.7	
367.08237	4340293	16.6	311817	0.2	
367.08824	5243462	20.5	328973	0.2	
367.10345	6068810	24.0	346951	0.3	
367.11878	4066893	15.4	354773	0.2	
367.12462	4813391	18.6	350060	0.2	
368.07494	2810672	10.1	378683	0.1	
368.98885	6126602	24.2	358330	0.3	
369.02523	8477714	34.3	337696	0.4	
369.04634	10562583	43.2	338526	0.5	
369.06162	5827611	23.0	315535	0.3	
369.06757	3251228	11.9	379392	0.2	
369.08272	7588896	30.5	350940	0.4	
369.09802	6765604	27.0	370121	0.3	
369.10386	12409893	51.1	342022	0.6	
369.11915	2622504	9.3	427475	0.1	
369.99658	3075321	11.2	343141	0.1	
370.03305	3558658	13.3	345846	0.2	
370.05685	3073287	11.2	334341	0.1	
370.06938	3542282	13.2	348772	0.2	
371.00449	73825768	313.7	326453	3.5	
371.04087	18955762	79.1	330176	0.9	
371.06197	6036983	23.9	345825	0.3	
371.07723	8988154	36.5	328000	0.4	
371.09838	4912639	19.0	334508	0.2	
371.11363	9985539	40.7	325712	0.5	
371.11967	3505668	13.0	303626	0.2	
372.00786	13934296	57.6	336342	0.7	
372.01240	4582105	17.6	339576	0.2	
372.04426	3596001	13.4	324923	0.2	
372.04876	4230882	16.1	308469	0.2	
372.08502	3757802	14.1	330628	0.2	
373.01610	2750409	9.8	408141	0.1	
373.02014	36511688	154.2	323205	1.7	
373.05653	14303186	59.2	331880	0.7	
373.07764	5165015	20.1	345691	0.2	
373.09293	12971995	53.5	343546	0.6	
373.12928	4280292	16.3	337820	0.2	
374.02346	6338746	25.1	337569	0.3	
374.05983	2999490	10.9	337137	0.1	
374.06434	7895235	31.8	337960	0.4	
374.09624	2595019	9.1	368893	0.1	
374.10066	3557580	13.2	330084	0.2	
374.99944	2581923	9.1	338272	0.1	
375.03578	12476844	51.4	334092	0.6	
375.07218	19374516	80.9	328932	0.9	
375.09332	2688442	9.5	348938	0.1	
375.10857	11170237	45.8	339695	0.5	
376.04362	9826974	40.1	331342	0.5	
376.07567	3514021	13.1	319803	0.2	
376.08000	13759142	56.9	329014	0.6	
376.11632	2701999	9.6	324231	0.1	
377.05144	52790160	223.8	319541	2.5	
377.08783	78611352	334.2	320769	3.7	
377.12422	8209314	33.1	343286	0.4	
378.05480	9380994	38.1	328197	0.4	
378.05926	15697027	65.2	321575	0.7	
378.09115	13907083	57.5	324731	0.7	
378.09566	2994316	10.8	322853	0.1	
379.03071	17638766	73.5	321860	0.8	
379.06708	19760504	82.5	319351	0.9	
379.08820	3120508	11.4	361993	0.1	
379.10348	14108032	58.4	331889	0.7	
380.03406	3371618	12.4	333338	0.2	
380.03850	4267619	16.3	353886	0.2	
380.07046	3245675	11.9	360686	0.2	
380.07493	4330092	16.5	285043	0.2	
380.95581	2720578	9.6	352791	0.1	
381.02527	5060435	19.4	345836	0.2	
381.04634	7577432	30.1	312826	0.4	
381.06158	3406684	12.4	356217	0.2	
381.08273	10626913	43.0	328039	0.5	
381.09798	4343653	16.4	362811	0.2	
381.10387	5644134	21.9	333733	0.3	
381.11914	7071594	27.9	335730	0.3	
383.00446	6076728	23.7	345837	0.3	
383.04086	5755201	22.4	331351	0.3	
383.06202	21104966	87.2	321429	1.0	
383.07724	5298506	20.4	340985	0.2	
383.08068	2817354	10.0	332228	0.1	
383.08312	4250955	16.0	277055	0.2	
383.09838	4952399	19.0	333729	0.2	
383.11362	9800018	39.5	331592	0.5	
383.11951	6621524	26.0	311169	0.3	
383.13463	2596696	9.0	323201	0.1	
384.04871	2679353	9.4	388124	0.1	
384.06537	3605053	13.3	309406	0.2	
384.06986	10574398	42.7	321084	0.5	
384.08498	3850818	14.3	345891	0.2	
385.02013	13978409	57.1	320833	0.7	
385.05656	9050930	36.3	326237	0.4	
385.07772	6064951	23.7	332168	0.3	
385.09296	9509691	38.2	308675	0.4	
385.11403	3678016	13.6	346350	0.2	
385.12928	8878916	35.6	335970	0.4	
385.22325	3490651	12.8	354928	0.2	
386.02353	3028002	10.8	379502	0.1	
386.02799	3780643	14.0	324607	0.2	
386.06440	4359212	16.5	334994	0.2	
386.10067	3186741	11.5	341180	0.2	
387.03580	30706974	127.8	315784	1.4	
387.07217	12111143	49.2	311827	0.6	
387.09336	3779885	14.0	357134	0.2	
387.10855	9846064	39.7	325521	0.5	
388.03911	5359130	20.7	317986	0.3	
388.04366	5404187	20.9	328807	0.3	
388.08003	3335716	12.1	341290	0.2	
389.01515	2807568	9.9	355456	0.1	
389.05145	16801560	69.0	312738	0.8	
389.08785	11751202	47.7	318545	0.6	
389.12420	7661355	30.4	312778	0.4	
390.05478	2876439	10.2	323011	0.1	
390.05924	9095192	36.5	305782	0.4	
390.09563	4351009	16.4	293898	0.2	
391.03075	8304911	33.1	321041	0.4	
391.06710	36376856	151.8	312864	1.7	
391.10350	11026722	44.6	313310	0.5	
391.13987	2492715	8.6	347400	0.1	
392.07045	6660634	26.2	322661	0.3	
392.07492	11100698	45.0	312835	0.5	
392.11137	2954788	10.5	316492	0.1	
393.02524	2746127	9.6	344068	0.1	
393.04636	9257749	37.2	323276	0.4	
393.06167	2741017	9.6	345443	0.1	
393.08273	15459102	63.4	306063	0.7	
393.10387	3134244	11.3	310464	0.1	
393.11913	8557351	34.2	334209	0.4	
394.08608	3054626	10.9	356726	0.1	
395.00443	4644113	17.4	335526	0.2	
395.04092	5973275	23.0	305889	0.3	
395.06204	11867424	47.6	312613	0.6	
395.07733	3768612	13.8	331004	0.2	
395.08312	6616358	25.7	313342	0.3	
395.09839	9110826	36.1	327349	0.4	
395.11958	3461423	12.5	340497	0.2	
396.04872	3112483	11.1	335321	0.1	
396.06986	2872873	10.1	341153	0.1	
397.02014	10762019	43.0	319680	0.5	
397.05657	5959469	22.9	294921	0.3	
397.07769	13444915	54.2	304179	0.6	
397.09291	6653751	25.8	287479	0.3	
397.09878	25753400	105.5	311642	1.2	
397.11406	4749116	17.9	336134	0.2	
397.12929	3244864	11.6	347777	0.2	
398.02796	2839599	9.9	330312	0.1	
398.06437	2528313	8.6	349957	0.1	
398.08098	2726973	9.4	277252	0.1	
398.10213	4312131	16.1	301518	0.2	
399.03578	9914685	39.4	307438	0.5	
399.07226	7137607	27.8	325940	0.3	
399.09338	6127948	23.6	327567	0.3	
399.10859	8386896	33.1	308545	0.4	
399.11445	4862290	18.4	311971	0.2	
400.04358	4235852	15.7	324769	0.2	
400.07993	3416662	12.3	289487	0.2	
400.11628	2860640	10.0	365201	0.1	
401.01504	6196052	23.9	291553	0.3	
401.05145	16870238	68.5	306072	0.8	
401.08787	9866087	39.2	311332	0.5	
401.10891	2941805	10.3	344028	0.1	
401.12420	12614513	50.7	305368	0.6	
401.12985	2588531	8.9	326944	0.1	
402.02303	2549863	8.7	298535	0.1	
402.05487	3874928	14.2	299084	0.2	
402.05932	4930673	18.6	320750	0.2	
402.09557	3667067	13.4	367812	0.2	
402.12754	3192964	11.4	328397	0.2	
403.03073	7175549	28.0	301925	0.3	
403.06710	11074951	44.3	299688	0.5	
403.08831	3209613	11.4	304320	0.2	
403.10347	11689361	46.8	311507	0.6	
403.13989	4670875	17.5	341928	0.2	
404.03852	2894484	10.1	380347	0.1	
404.07047	2899613	10.2	308599	0.1	
404.07498	4271774	15.9	334304	0.2	
404.11118	3252904	11.6	283569	0.2	
405.04636	13594542	54.8	307559	0.6	
405.08273	15286200	61.9	301712	0.7	
405.11912	6924226	27.0	289996	0.3	
406.05414	5910730	22.7	333997	0.3	
406.09061	3173588	11.3	320802	0.1	
407.02564	5265886	20.0	330732	0.2	
407.06204	18121192	73.7	299090	0.9	
407.09841	8249843	32.5	313163	0.4	
407.13480	3729917	13.6	338449	0.2	
408.06536	3530504	12.8	296981	0.2	
408.06989	6177545	23.8	301687	0.3	
409.02020	7711771	30.2	300457	0.4	
409.05654	3214374	11.5	282528	0.2	
409.07764	11121708	44.5	311864	0.5	
409.09289	3003440	10.6	328570	0.1	
409.11409	5751863	22.1	328904	0.3	
410.99933	5703262	21.6	290477	0.3	
411.03582	7011945	27.0	304938	0.3	
411.05680	4603503	17.0	310621	0.2	
411.07222	4300403	15.8	355411	0.2	
411.09331	12318329	48.8	295814	0.6	
411.10861	8865406	34.6	315277	0.4	
411.11427	3249792	11.5	352790	0.2	
412.04372	3005331	10.4	292750	0.1	
412.08010	2530718	8.5	273950	0.1	
412.09669	3186595	11.2	305316	0.2	
412.10125	4023204	14.6	307084	0.2	
412.11194	2600871	8.8	319258	0.1	
413.01497	4441269	16.4	289175	0.2	
413.05146	9324736	36.5	311207	0.4	
413.07260	5826759	22.1	285474	0.3	
413.08788	6789323	26.0	322964	0.3	
413.10904	3173586	11.1	336930	0.1	
413.12424	4430038	16.3	291910	0.2	
413.13009	7653592	29.6	311032	0.4	
414.05476	2957807	10.3	274895	0.1	
414.05920	3357168	11.9	324988	0.2	
414.09572	3148283	11.0	355188	0.1	
415.03074	8813336	34.4	291973	0.4	
415.06710	12409635	49.2	309254	0.6	
415.08819	6011689	22.8	306752	0.3	
415.10346	7469870	28.8	307692	0.4	
415.13984	16087865	64.3	301910	0.8	
416.07038	2525271	8.5	282304	0.1	
416.07486	4067416	14.8	276380	0.2	
416.14318	4220013	15.4	286962	0.2	
417.04632	12090757	47.9	292755	0.6	
417.08275	10177936	40.0	306468	0.5	
417.10392	2604439	8.8	226111	0.1	
417.11912	8146332	31.6	305621	0.4	
417.15544	3086759	10.8	306710	0.1	
418.04962	2848959	9.8	236600	0.1	
418.05420	15994560	63.9	300102	0.8	
418.08595	3341002	11.8	315004	0.2	
418.09059	3663564	13.2	305490	0.2	
419.02566	3134450	11.0	319954	0.1	
419.05745	2752508	9.4	333993	0.1	
419.06202	16490494	66.0	294546	0.8	
419.09836	10203145	40.1	304204	0.5	
419.11958	3020816	10.5	288436	0.1	
419.13480	10424341	41.0	295265	0.5	
419.17118	3648544	13.1	328014	0.2	
420.03354	2535730	8.5	358303	0.1	
420.06531	3068221	10.7	329237	0.1	
420.06982	4636990	17.2	315811	0.2	
420.10168	2526536	8.5	379378	0.1	
420.10616	5531978	20.8	292093	0.3	
420.13819	3194196	11.2	306653	0.2	
421.02018	2719342	9.3	304828	0.1	
421.04131	6556277	25.1	283042	0.3	
421.05661	3648122	13.1	310720	0.2	
421.07760	9806465	38.5	293957	0.5	
421.11404	16609932	66.5	291597	0.8	
421.22663	3248817	11.4	342173	0.2	
422.08568	2594758	8.7	370516	0.1	
422.11740	3265489	11.5	334328	0.2	
422.99936	3337455	11.8	292396	0.2	
423.03590	3843323	13.9	288086	0.2	
423.05691	7486722	28.9	304767	0.4	
423.07215	5260551	19.7	309246	0.2	
423.09328	10343694	40.7	292763	0.5	
423.10862	3224851	11.3	317394	0.2	
423.11446	2973973	10.3	302613	0.1	
423.12970	4365594	16.0	283572	0.2	
425.01502	7450503	28.7	301235	0.4	
425.05148	7440275	28.7	290230	0.4	
425.07257	10024857	39.3	294181	0.5	
425.08788	5953439	22.6	299654	0.3	
425.10893	5857190	22.2	293370	0.3	
425.12428	5539755	20.9	284035	0.3	
425.13007	3094445	10.8	322354	0.1	
426.05918	2800866	9.6	295395	0.1	
426.08033	2532585	8.5	292136	0.1	
426.09567	2676974	9.1	302370	0.1	
427.03073	10193447	40.0	274995	0.5	
427.06711	7940659	30.8	291585	0.4	
427.08829	5030458	18.8	315271	0.2	
427.10351	7879232	30.5	294422	0.4	
427.12460	4680263	17.3	311204	0.2	
427.13992	3083852	10.8	323447	0.1	
427.14568	3168846	11.1	315145	0.1	
428.03857	4606843	16.8	277633	0.2	
428.07496	3184519	11.0	263407	0.2	
429.04638	10288337	39.9	290854	0.5	
429.08278	8277213	31.7	284204	0.4	
429.11906	6847722	25.9	299893	0.3	
429.12497	3297515	11.5	316006	0.2	
430.04975	2493991	8.2	330628	0.1	
430.05415	3299881	11.5	265344	0.2	
431.06204	9166723	35.3	287510	0.4	
431.09850	7774096	29.6	272002	0.4	
431.11971	2580375	8.6	277147	0.1	
431.13478	12529564	49.0	290741	0.6	
432.06525	2784478	9.4	345959	0.1	
432.06987	3741920	13.3	296046	0.2	
432.13805	4019448	14.4	284758	0.2	
433.02013	2762282	9.3	311788	0.1	
433.04130	14266930	56.0	285526	0.7	
433.07767	9359934	36.1	293369	0.4	
433.11402	6834763	25.8	285266	0.3	
433.15044	14250584	56.0	288361	0.7	
434.04463	2716561	9.1	327472	0.1	
434.08559	2786207	9.4	356915	0.1	
434.15382	4007863	14.3	305175	0.2	
435.05693	9692405	37.4	286266	0.5	
435.09328	7666946	29.2	287434	0.4	
435.11435	3232009	11.2	237181	0.2	
435.12963	3763471	13.4	326693	0.2	
437.05141	4681657	17.1	277301	0.2	
437.07258	5386176	19.9	324840	0.3	
437.10899	16385997	64.6	284935	0.8	
437.14541	3512282	12.3	311460	0.2	
438.11218	3667252	13.0	305710	0.2	
439.03076	5569150	20.7	287286	0.3	
439.06716	4805259	17.6	291782	0.2	
439.08816	5915283	22.1	279679	0.3	
439.10369	4543128	16.5	281354	0.2	
439.12453	5749408	21.4	304037	0.3	
440.07483	2660343	8.9	299714	0.1	
441.04633	5635415	20.9	303056	0.3	
441.06753	3056991	10.5	259446	0.1	
441.08279	3946853	14.1	296858	0.2	
441.10391	2607468	8.6	347690	0.1	
441.11901	3958130	14.1	303103	0.2	
442.05419	2590407	8.6	304869	0.1	
443.02554	3772458	13.4	324694	0.2	
443.06204	7888952	30.1	296537	0.4	
443.09838	5951557	22.2	297527	0.3	
443.11948	2678861	8.9	286482	0.1	
443.13482	3585106	12.6	278511	0.2	
444.06975	3533226	12.4	328780	0.2	
445.04125	7975697	30.4	291580	0.4	
445.07762	7027486	26.6	296504	0.3	
445.11401	4997932	18.4	301370	0.2	
447.03565	2934262	9.8	307150	0.1	
447.05696	20510206	80.1	280917	1.0	
447.09338	7233035	27.0	286424	0.3	
447.11434	3639827	12.6	282047	0.2	
447.12971	4285977	15.2	299204	0.2	
448.03910	2538860	8.2	217881	0.1	
448.06026	4476788	16.0	284241	0.2	
448.06478	3382134	11.6	281207	0.2	
449.03616	4755682	17.1	290769	0.2	
449.05152	5263592	19.1	296192	0.2	
449.07251	8177904	30.8	283925	0.4	
449.10900	6803710	25.3	247495	0.3	
449.14538	5054731	18.3	316430	0.2	
450.08043	2745963	9.1	323514	0.1	
451.03071	3562450	12.3	283621	0.2	
451.05187	5841882	21.4	292187	0.3	
451.06707	4596704	16.5	257957	0.2	
451.08827	6937576	25.8	287229	0.3	
451.10349	3301357	11.3	266285	0.2	
451.12468	5008373	18.1	263135	0.2	
451.16092	2597891	8.5	294566	0.1	
452.07494	2525533	8.2	288713	0.1	
453.04634	6596303	24.5	291156	0.3	
453.06752	3784407	13.2	309751	0.2	
453.08279	6438620	23.8	293154	0.3	
453.10385	8990436	34.0	262884	0.4	
453.11916	4767466	17.1	298499	0.2	
453.12503	15531756	60.2	277681	0.7	
454.12831	3203179	10.9	326213	0.2	
455.02555	3538370	12.2	282803	0.2	
455.06195	7766480	29.1	276925	0.4	
455.08302	3624408	12.6	270797	0.2	
455.09842	5837278	21.4	304961	0.3	
455.11954	2536934	8.2	321240	0.1	
455.13485	3654124	12.7	294591	0.2	
455.14078	3467758	11.9	300393	0.2	
455.31668	5294641	19.2	280689	0.2	
456.06990	3802962	13.3	275033	0.2	
456.10616	2674528	8.8	331933	0.1	
457.04129	7771336	29.2	281192	0.4	
457.07768	9835733	37.4	275646	0.5	
457.09891	2841822	9.4	264100	0.1	
457.11405	5549284	20.3	275572	0.3	
457.11994	3158246	10.7	226165	0.1	
457.15058	2839794	9.4	289013	0.1	
458.08538	2938458	9.8	272338	0.1	
459.05697	8107985	30.5	265781	0.4	
459.09329	8345567	31.4	276136	0.4	
459.12977	5341165	19.4	262755	0.3	
459.13562	8022000	30.2	277581	0.4	
460.06461	3457367	11.9	256690	0.2	
461.05154	5044950	18.2	287422	0.2	
461.07259	15006430	58.1	269707	0.7	
461.10898	8178413	30.8	285381	0.4	
461.13000	3284725	11.2	294293	0.2	
461.14528	2854650	9.5	288195	0.1	
462.05901	2505822	8.1	286292	0.1	
462.07590	3276900	11.2	283550	0.2	
462.08035	4711526	16.9	264938	0.2	
462.11683	2729076	9.0	282592	0.1	
463.05185	8359393	31.5	267379	0.4	
463.06712	26717670	104.9	269861	1.3	
463.08823	26529262	104.2	266716	1.3	
463.12461	5305853	19.3	293617	0.3	
464.07050	7440238	27.8	276037	0.4	
464.07500	2684784	8.8	283492	0.1	
464.09160	5605238	20.5	270997	0.3	
464.09609	8675192	32.8	277073	0.4	
465.04636	4628716	16.6	268535	0.2	
465.06750	9363700	35.5	271150	0.4	
465.08289	2717946	8.9	274919	0.1	
465.10384	8958210	33.9	279338	0.4	
465.11913	3781896	13.2	283514	0.2	
465.14032	5202192	18.9	289524	0.2	
466.07529	5542527	20.2	254522	0.3	
467.02565	2928627	9.6	332964	0.1	
467.06207	6798338	24.8	290382	0.3	
467.08313	9626633	36.0	276343	0.5	
467.09840	5448720	19.5	274506	0.3	
467.11953	5930008	21.4	270677	0.3	
467.13470	3628062	12.4	289703	0.2	
467.14070	2903072	9.5	277205	0.1	
467.15593	3658790	12.5	261434	0.2	
467.28034	2675799	8.6	273702	0.1	
468.06969	3020173	10.0	293546	0.1	
469.04122	4996875	17.7	272082	0.2	
469.07766	5590810	20.1	283879	0.3	
469.09883	5390114	19.3	285168	0.3	
469.11406	4441896	15.6	261401	0.2	
469.11993	5062442	18.0	268320	0.2	
469.13503	2496304	7.9	267307	0.1	
469.15042	2561846	8.2	291641	0.1	
469.29579	3162991	10.5	257329	0.1	
471.05692	7813669	28.8	276057	0.4	
471.09343	6238772	22.6	278516	0.3	
471.13559	120388160	471.9	261087	5.7	
471.31159	4491914	15.8	270453	0.2	
472.06485	4137907	14.4	269924	0.2	
472.09648	2631615	8.4	292423	0.1	
472.13894	20790224	79.9	266081	1.0	
473.03619	2734386	8.8	245845	0.1	
473.07262	8342849	30.9	258927	0.4	
473.10893	5238095	18.7	269890	0.2	
473.13969	3224923	10.8	277171	0.2	
473.14538	2893149	9.5	270166	0.1	
473.15142	2850144	9.3	289552	0.1	
475.03072	2761798	8.9	300743	0.1	
475.08822	6125661	22.2	266119	0.3	
475.12451	4892779	17.3	252529	0.2	
475.14554	2503796	7.9	296946	0.1	
476.13240	2572794	8.2	264158	0.1	
477.04638	6576996	23.9	276377	0.3	
477.06751	9376620	35.0	263240	0.4	
477.08312	2675570	8.6	297358	0.1	
477.10387	6122363	22.2	245850	0.3	
477.14024	4588425	16.1	244522	0.2	
478.05407	3289331	11.0	294319	0.2	
479.02571	3514995	11.9	238845	0.2	
479.04685	3868283	13.3	297029	0.2	
479.06201	28919426	111.9	256604	1.4	
479.08315	5813898	20.9	277077	0.3	
479.09846	2838160	9.2	280078	0.1	
479.11944	4591256	16.1	268100	0.2	
479.13490	4250270	14.8	252825	0.2	
480.06534	7108623	26.0	265131	0.3	
480.06980	2651153	8.5	300954	0.1	
480.09072	2535449	8.0	269394	0.1	
481.04127	5648785	20.3	278958	0.3	
481.06257	4768154	16.8	250458	0.2	
481.07766	6250912	22.7	242282	0.3	
481.08354	5378466	19.2	246871	0.3	
481.09878	6994344	25.6	260869	0.3	
481.11397	4741550	16.7	262033	0.2	
481.13519	3289526	11.0	248225	0.2	
481.15039	3367356	11.3	264116	0.2	
482.07018	2801448	9.1	294054	0.1	
482.08522	2817838	9.1	286441	0.1	
483.05698	6964399	25.5	251524	0.3	
483.07809	19606712	75.2	254101	0.9	
483.09329	6984893	25.5	266217	0.3	
483.11463	3418310	11.5	289149	0.2	
483.12955	5426380	19.4	254158	0.3	
483.13565	5016782	17.8	278310	0.2	
483.27537	3326213	11.1	268434	0.2	
484.08149	4006468	13.8	244865	0.2	
485.07257	7974860	29.4	261450	0.4	
485.09371	2557908	8.1	328669	0.1	
485.10894	5079002	18.0	283697	0.2	
485.14538	3757033	12.8	265894	0.2	
485.15122	7452651	27.4	262679	0.4	
485.29088	4370466	15.3	269837	0.2	
487.05191	4719322	16.6	254685	0.2	
487.08819	7068392	25.9	257783	0.3	
487.12450	5362423	19.2	254927	0.3	
487.18214	16200461	61.8	258867	0.8	
487.30647	2870078	9.3	252375	0.1	
488.09611	3065974	10.1	253319	0.1	
488.18546	4619417	16.2	266807	0.2	
489.06746	4204021	14.3	261636	0.2	
489.10393	6092291	21.6	244924	0.3	
489.14021	3430929	11.3	269457	0.2	
489.14577	2941460	9.5	302441	0.1	
491.06214	5116166	17.9	276384	0.2	
491.08317	5167374	18.1	256206	0.2	
491.11961	4048156	13.7	257226	0.2	
492.09088	2561690	8.0	283361	0.1	
493.04137	7621647	27.5	270665	0.4	
493.06257	3008535	9.7	274659	0.1	
493.07768	44473372	170.0	250831	2.1	
493.09908	4484133	15.4	257143	0.2	
493.11416	2658347	8.4	288146	0.1	
493.13518	5030964	17.5	250662	0.2	
494.08099	12180902	45.2	244918	0.6	
494.08550	3373480	11.1	279228	0.2	
495.05696	5039908	17.6	273022	0.2	
495.07800	3961644	13.4	237191	0.2	
495.09325	2509618	7.8	266024	0.1	
495.11437	5041978	17.6	267931	0.2	
495.12984	4872000	16.9	259444	0.2	
495.15085	2506568	7.8	309423	0.1	
497.03628	6660648	23.8	260253	0.3	
497.07250	4385334	15.0	253524	0.2	
497.09368	5571134	19.6	257201	0.3	
497.10901	4923972	17.1	270580	0.2	
497.13009	10101324	37.1	263024	0.5	
497.14536	3611218	12.0	262366	0.2	
497.29076	2525835	7.8	247043	0.1	
498.11662	2982860	9.6	253611	0.1	
499.05178	2723127	8.6	254755	0.1	
499.08828	4998469	17.4	247418	0.2	
499.12451	4245843	14.5	241265	0.2	
499.16050	2558305	8.0	215465	0.1	
499.16685	21456228	81.0	249210	1.0	
499.30656	4812186	16.7	256444	0.2	
500.17029	4249320	14.5	217271	0.2	
501.06736	4171843	14.2	274082	0.2	
501.10395	4261969	14.5	268055	0.2	
501.14020	3736671	12.5	261208	0.2	
501.14619	8820833	32.2	248843	0.4	
501.32230	3274917	10.7	260022	0.2	
503.08315	4838219	16.8	263025	0.2	
503.11962	3527513	11.7	238090	0.2	
503.16185	3476329	11.5	280365	0.2	
505.04122	10280505	37.8	252052	0.5	
505.06237	3522113	11.7	256881	0.2	
505.09883	6467151	23.1	239348	0.3	
505.13515	3079773	10.0	271069	0.1	
506.04465	2866104	9.1	232602	0.1	
507.05698	6263097	22.3	235346	0.3	
507.09337	3733831	12.5	266697	0.2	
507.11440	3832143	12.9	265756	0.2	
507.15082	4028765	13.6	245272	0.2	
508.06499	3631799	12.1	271499	0.2	
509.03619	12194854	45.2	239647	0.6	
509.07258	33616948	128.0	247408	1.6	
509.09368	3345468	11.0	284112	0.2	
509.10904	2959426	9.5	268455	0.1	
509.13000	7935050	28.7	245968	0.4	
509.14545	2848847	9.1	286249	0.1	
510.03946	2738592	8.6	259995	0.1	
510.07588	8824238	32.2	250160	0.4	
511.05191	4450076	15.3	265085	0.2	
511.08842	3731242	12.5	250614	0.2	
511.10933	4220722	14.4	273675	0.2	
511.12467	3981111	13.4	272522	0.2	
511.14582	2707263	8.5	302017	0.1	
511.16094	3395397	11.2	288543	0.2	
513.06745	4051468	13.5	261115	0.2	
513.08851	2865684	9.0	237384	0.1	
513.10389	5104154	17.5	269322	0.2	
513.14012	3291687	10.6	254172	0.2	
513.14610	9255466	33.3	246613	0.4	
515.08311	5285111	18.2	251000	0.2	
515.11948	4736260	16.1	260057	0.2	
515.15573	2627858	8.1	274358	0.1	
515.16174	2570516	7.9	248436	0.1	
515.21360	3648807	12.0	275194	0.2	
515.30158	6255944	21.9	263341	0.3	
517.06221	3026894	9.6	272731	0.1	
517.09880	4483035	15.1	256037	0.2	
517.31709	77316136	292.6	237123	3.6	
518.32050	24945048	93.1	238558	1.2	
519.11451	3774137	12.4	234992	0.2	
519.15670	9753288	35.2	244086	0.5	
519.32397	4301573	14.4	232455	0.2	
521.07252	3943803	13.1	246084	0.2	
521.09360	2912643	9.2	277850	0.1	
521.13028	2715024	8.4	289459	0.1	
521.14533	2537877	7.7	271179	0.1	
523.05183	14600254	53.7	239488	0.7	
523.07294	2827333	8.8	234957	0.1	
523.08816	5208139	17.9	238186	0.2	
523.10933	2885714	9.0	288988	0.1	
523.12457	3415128	11.1	256697	0.2	
523.14589	3506271	11.4	264452	0.2	
523.16095	3685477	12.1	230220	0.2	
524.05528	4409762	14.9	248420	0.2	
525.06754	7379718	26.2	258491	0.3	
525.10405	3672851	12.0	291492	0.2	
525.10955	2750229	8.5	218112	0.1	
525.12512	3244826	10.4	288708	0.2	
525.14035	4365088	14.7	249636	0.2	
526.07561	3242088	10.4	267931	0.2	
527.08307	4658631	15.8	244397	0.2	
527.10439	2953678	9.3	208587	0.1	
527.11955	4416979	14.9	252933	0.2	
527.12544	2748885	8.5	250604	0.1	
527.15581	3436000	11.1	273105	0.2	
529.06233	3687538	12.1	250710	0.2	
529.09875	4187263	14.0	216443	0.2	
529.13502	3801227	12.5	252318	0.2	
531.07810	3440418	11.2	238858	0.2	
531.11448	3746606	12.3	243082	0.2	
531.29641	3209067	10.3	258345	0.2	
533.09379	4371912	14.7	256900	0.2	
533.13026	2740692	8.5	239581	0.1	
533.31202	31004176	116.1	235046	1.5	
534.31541	9815903	35.4	242218	0.5	
535.05182	2722898	8.4	239949	0.1	
535.10968	2724965	8.4	276858	0.1	
535.12479	2654314	8.2	206398	0.1	
535.15160	2878579	9.0	269840	0.1	
537.06747	14318310	52.6	232647	0.7	
537.10383	4981490	17.0	239685	0.2	
537.12504	2788088	8.7	240260	0.1	
537.14039	2967293	9.3	225120	0.1	
538.07075	3677226	12.0	245253	0.2	
539.08310	3570031	11.6	253534	0.2	
539.10444	3132790	10.0	298025	0.1	
539.11954	3714427	12.2	226508	0.2	
539.14073	6665602	23.4	234995	0.3	
539.15580	3574151	11.7	248279	0.2	
541.06254	2821091	8.7	282357	0.1	
541.09869	4085742	13.5	232118	0.2	
541.13517	2850810	8.8	229217	0.1	
543.07771	3294808	10.5	223257	0.2	
543.11447	3947107	12.9	216683	0.2	
543.15110	3109486	9.8	224198	0.1	
543.15650	3719792	12.1	220180	0.2	
545.09391	3902657	12.8	242824	0.2	
545.13012	2878669	8.9	213713	0.1	
549.12514	3114358	9.8	241401	0.1	
551.08316	3561393	11.5	226890	0.2	
551.10445	2884535	8.9	244343	0.1	
551.11974	3241916	10.3	240230	0.2	
551.14033	2649026	8.0	223804	0.1	
551.15582	2976710	9.3	229861	0.1	
553.09883	5725683	19.6	220243	0.3	
553.12010	3456505	11.1	259251	0.2	
553.13508	3316222	10.5	216135	0.2	
553.15617	2611716	7.9	272510	0.1	
553.17148	3026440	9.5	230066	0.1	
555.07808	3721250	12.1	226222	0.2	
555.11441	2959405	9.2	266211	0.1	
555.13573	2930739	9.1	234785	0.1	
555.15089	3407927	10.9	232257	0.2	
557.09360	3083859	9.7	230699	0.1	
557.13029	3154525	9.9	250746	0.1	
557.16666	3426919	11.0	271920	0.2	
557.17227	2872937	8.9	222437	0.1	
559.10929	3929211	12.9	247867	0.2	
559.14595	2528389	7.6	244540	0.1	
563.10419	2889898	8.9	250517	0.1	
565.11987	3117754	9.8	213017	0.1	
567.11454	3062975	9.6	233620	0.1	
567.15087	3912904	12.8	208798	0.2	
567.18750	3096785	9.7	210298	0.1	
571.10936	4556981	15.0	220754	0.2	
571.14581	2780350	8.4	233139	0.1	
571.18217	3016903	9.3	220697	0.1	
573.12503	2979499	9.2	236441	0.1	
573.16719	2692790	8.1	259429	0.1	
575.14061	3127452	9.7	227135	0.1	
575.17689	2765477	8.4	188050	0.1	
577.11968	2598526	7.7	253168	0.1	
581.13012	2837056	8.6	221689	0.1	
583.10914	3578900	11.4	195066	0.2	
583.14569	2723869	8.2	198709	0.1	
583.15179	2638878	7.9	252453	0.1	
585.16147	2831861	8.6	230208	0.1	
585.16733	7347703	25.4	208348	0.3	
587.10435	2668473	8.0	257393	0.1	
587.14042	2748353	8.3	288005	0.1	
589.11975	3167626	9.8	230451	0.1	
591.17772	8049506	28.0	204647	0.4	
593.13022	2722079	8.2	223162	0.1	
597.12505	2922661	8.9	190484	0.1	
599.10429	2607714	7.7	237768	0.1	
599.14076	2533994	7.5	237880	0.1	
601.12005	2712613	8.1	204433	0.1	
603.00531	2693577	8.0	211648	0.1	
603.13561	3059174	9.3	231634	0.1	
603.17786	16391664	58.4	205965	0.8	
604.18128	3620559	11.4	220475	0.2	
605.22317	2671543	7.9	183760	0.1	
609.18820	3007273	9.1	225320	0.1	
621.15183	3161497	9.7	210952	0.1	
631.20929	4349588	14.0	214601	0.2	
633.07311	4288583	13.8	184753	0.2	
633.18862	2838626	8.5	216050	0.1	
643.11518	3438000	10.4	161392	0.2	
645.18843	4914098	15.7	180646	0.2	
651.37486	2968021	8.7	202314	0.1	
667.36967	3754750	11.5	167515	0.2	
669.32808	2943294	8.6	199481	0.1	
679.09403	2972925	8.7	188114	0.1	
679.36999	3507541	10.6	172035	0.2	
681.38546	4150237	12.6	205873	0.2	
687.33861	14971783	50.3	181962	0.7	
688.34203	5975257	18.9	190454	0.3	
695.18878	2612744	7.2	202121	0.1	
695.36471	6581829	21.0	173205	0.3	
697.38050	16392458	55.2	184597	0.8	
698.38371	5311085	16.6	190078	0.3	
703.33361	3212634	9.3	175231	0.2	
713.37532	3599312	10.6	177333	0.2	
715.13616	3076710	8.8	207342	0.1	
773.14129	2930498	7.9	169394	0.1	
