m/z	I	S/N	Res.	I %	
149.0085851	3711383	23.1	902096	0.9	
149.0091643	48836248	328.7	844317	11.6	
150.0125271	2373949	14.1	837239	0.6	
159.0298992	3543305	22.0	836048	0.8	
161.0455511	8442320	55.1	785706	2.0	
165.0404654	3862446	24.0	819762	0.9	
169.0134871	2444275	14.4	834549	0.6	
169.0142485	29074930	192.8	740426	6.9	
170.0176064	2623637	15.6	743653	0.6	
173.0091649	6766751	43.2	740736	1.6	
175.0248018	3828253	23.5	794302	0.9	
175.0612055	3123236	18.8	732305	0.7	
177.0193382	2403502	14.0	828446	0.6	
177.0401749	4387763	27.2	1611576	1.0	
177.0404640	53922740	357.2	709953	12.8	
177.0407467	3957683	24.4	1197938	0.9	
178.0438199	4196485	25.9	746857	1.0	
179.0349851	4462939	27.7	715242	1.1	
179.0552139	2386271	13.9	750859	0.6	
179.0561149	26484064	173.9	708183	6.3	
181.0142298	2587925	15.2	739535	0.6	
181.0506372	4504861	27.8	693502	1.1	
185.0455427	2415065	14.0	732246	0.6	
191.0197291	17512706	112.8	649962	4.1	
191.0349816	3104518	18.4	691480	0.7	
191.0561114	7490828	47.1	670253	1.8	
193.0142489	3748660	22.6	690415	0.9	
193.0353755	39484220	256.9	649180	9.4	
193.0357129	3097403	18.3	1519828	0.7	
193.0506235	4905791	30.2	631939	1.2	
194.9935147	3233652	19.2	659484	0.8	
195.0299060	3750270	22.5	657837	0.9	
195.0510237	71327112	464.1	638433	16.9	
196.0543924	5135023	31.6	636959	1.2	
197.0455436	11616217	73.9	632269	2.8	
201.0404636	2735795	15.8	702201	0.6	
203.0561299	2865979	16.6	705669	0.7	
205.0353726	15083974	95.9	602880	3.6	
205.0506297	2321611	13.1	627402	0.5	
207.0298682	3188834	18.6	648735	0.8	
207.0510165	6345834	39.0	618832	1.5	
207.0662930	7263343	44.9	603391	1.7	
209.0091569	2789638	16.0	634462	0.7	
209.0455366	5699347	34.8	618257	1.3	
209.0666892	4933402	29.9	603532	1.2	
211.0248131	5350850	32.5	613784	1.3	
211.0611983	4863439	29.3	633466	1.2	
213.0404581	3647113	21.5	608321	0.9	
215.0561148	4485979	26.8	620297	1.1	
219.0298980	2857222	16.3	583703	0.7	
219.0510267	43605260	277.4	566570	10.3	
219.0662909	2408723	13.4	541096	0.6	
220.0543576	3971201	23.4	559630	0.9	
221.0091823	5158885	30.9	590134	1.2	
221.0455496	5008371	30.0	605029	1.2	
221.0666815	17178618	107.6	573510	4.1	
222.9884499	2609356	14.7	584091	0.6	
223.0248104	4116186	24.3	562759	1.0	
223.0459407	3453666	20.0	609215	0.8	
223.0612066	5448423	32.8	567950	1.3	
223.9962333	2667593	15.0	566076	0.6	
225.0404709	6138325	37.0	581207	1.5	
225.0768502	4607459	27.3	540535	1.1	
227.0561316	5376216	32.2	568295	1.3	
229.0717518	3836895	22.3	586775	0.9	
231.0510352	2640094	14.7	569687	0.6	
233.0455412	3590631	20.7	568682	0.9	
233.0666709	5040623	29.9	533747	1.2	
235.0248186	7112942	42.8	533878	1.7	
235.0612096	3520764	20.2	590726	0.8	
237.0040821	2678263	14.9	515807	0.6	
237.0404687	5467141	32.4	558415	1.3	
237.0615870	13510670	83.0	537862	3.2	
237.0768661	3329044	18.9	558753	0.8	
239.0197356	8229649	49.8	538052	1.9	
239.0561166	6596383	39.5	528057	1.6	
239.0772477	3803944	21.9	567840	0.9	
241.0353777	7882285	47.3	524426	1.9	
241.0717639	6487611	38.6	507977	1.5	
243.0510067	3628873	20.7	496583	0.9	
245.0666896	5752934	34.0	541057	1.4	
246.0169501	2430429	13.1	492109	0.6	
246.9884199	6419293	38.0	523721	1.5	
247.0248046	19793772	121.2	492720	4.7	
247.0611671	3174266	17.8	574513	0.8	
247.0823353	6885250	40.9	528173	1.6	
249.0040713	2763896	15.2	537973	0.7	
249.0404575	6046343	35.6	499674	1.4	
249.0615904	9069199	54.5	487112	2.1	
249.0768473	3262101	18.3	549220	0.8	
251.0197204	5182866	30.3	518562	1.2	
251.0561145	9004448	54.0	491177	2.1	
251.0772328	15429032	94.0	496390	3.7	
253.0353781	4995240	28.9	512718	1.2	
253.0564880	4864177	28.1	481114	1.2	
253.0717561	6836407	40.3	496739	1.6	
255.0510199	5052348	29.3	484231	1.2	
255.0721497	2736580	14.9	512110	0.6	
255.0874343	2957258	16.3	541383	0.7	
257.0666807	6013644	35.2	477026	1.4	
259.0248218	2590656	13.9	559150	0.6	
259.0611859	3506638	19.6	477075	0.8	
259.0823291	3487190	19.5	479062	0.8	
261.0040757	38010040	231.9	473718	9.0	
261.0047013	2968761	16.3	966446	0.7	
261.0404330	4432070	25.3	476743	1.0	
261.0615741	3427534	19.1	514320	0.8	
261.0768172	4120788	23.4	488692	1.0	
262.0074209	4469303	25.5	498864	1.1	
262.0118869	6112825	35.6	482632	1.4	
263.0197248	5219256	30.1	472661	1.2	
263.0561153	7964614	47.0	480936	1.9	
263.0772131	6358990	37.1	495475	1.5	
264.9990041	2902692	15.7	471665	0.7	
265.0353734	8221362	48.3	466450	1.9	
265.0565234	2472634	13.1	531246	0.6	
265.0717646	5848767	33.8	482772	1.4	
267.0510129	8852900	52.1	492470	2.1	
267.0701423	2651563	14.2	580563	0.6	
267.0721486	28353964	171.5	458762	6.7	
267.0874110	3235249	17.8	509613	0.8	
268.0588771	2859290	15.5	442728	0.7	
268.0755313	3082528	16.8	459107	0.7	
269.0302797	6609024	38.4	475451	1.6	
269.0666686	10948750	65.0	466245	2.6	
269.0877955	14821525	88.7	446706	3.5	
271.0459435	17980258	107.3	452253	4.3	
271.0823308	6353775	36.6	460795	1.5	
272.0493086	2515149	13.3	499417	0.6	
273.0404547	3424818	18.8	469176	0.8	
273.0615935	3918394	21.8	483356	0.9	
273.0768637	3103295	16.9	479605	0.7	
275.0197240	8179955	47.7	464663	1.9	
275.0561226	4730112	26.7	464896	1.1	
275.0772493	5799176	33.2	432395	1.4	
277.0353840	8397750	49.0	459036	2.0	
277.0717635	5798851	33.2	472313	1.4	
277.0928885	3515338	19.3	482534	0.8	
279.0146407	3268194	17.7	463875	0.8	
279.0510189	7013998	40.3	468753	1.7	
279.0721429	4241014	23.6	478552	1.0	
279.0873905	4352635	24.3	477447	1.0	
281.0302985	4361486	24.3	450190	1.0	
281.0666937	7704858	44.5	449479	1.8	
281.0877952	17889568	106.0	437472	4.2	
282.0910842	2383984	12.4	461636	0.6	
283.0459473	6106029	34.9	456667	1.4	
283.0823146	5884857	33.5	437901	1.4	
285.0040956	3042860	16.4	483774	0.7	
285.0404086	2767927	14.7	468680	0.7	
285.0615971	6606398	37.9	443230	1.6	
285.0979179	2570314	13.5	444437	0.6	
287.0197083	2606767	13.6	460265	0.6	
287.0561306	4735163	26.4	450954	1.1	
287.0772366	12390593	72.3	425763	2.9	
288.0850935	2518013	13.1	467325	0.6	
288.9989649	3032857	16.2	477137	0.7	
289.0353755	5119780	28.7	423528	1.2	
289.0717510	5079855	28.5	423476	1.2	
289.0929245	3915574	21.5	434577	0.9	
290.0067907	2809933	14.8	462950	0.7	
290.0881112	3046502	16.3	461345	0.7	
291.0146664	3109246	16.6	443690	0.7	
291.0510210	6198665	35.2	440385	1.5	
291.0721671	4531600	25.2	429872	1.1	
291.0874275	4544916	25.2	429155	1.1	
293.0302930	7157717	40.9	415355	1.7	
293.0666849	8521696	49.1	416701	2.0	
293.0878015	7417830	42.5	429873	1.8	
294.0380671	2439419	12.5	422583	0.6	
295.0459535	16652829	97.2	420155	3.9	
295.0823369	7815720	44.6	415737	1.9	
295.1034911	3524142	19.0	394138	0.8	
297.0616086	6296663	35.5	437049	1.5	
297.0826812	5450845	30.5	415226	1.3	
297.0979672	4706401	26.0	386595	1.1	
299.0197490	2549363	13.2	444371	0.6	
299.0561100	2963069	15.6	448164	0.7	
299.0772471	6600323	37.3	423295	1.6	
299.9911609	7227259	41.1	428296	1.7	
300.9964193	28586120	168.4	453135	6.8	
300.9989844	422260864	2515.1	405498	100.0	
301.0353917	4052114	22.1	422825	1.0	
301.0565040	8491160	48.6	423556	2.0	
301.0717525	6934684	39.3	415438	1.6	
301.0928758	4556962	25.1	432478	1.1	
302.0023455	63664528	377.5	404103	15.1	
303.0032085	6965911	39.2	421693	1.6	
303.0057314	4360856	23.8	406570	1.0	
303.0510050	5743268	32.0	419234	1.4	
303.0721811	7809705	44.2	419456	1.8	
303.0874028	4741805	26.1	444358	1.1	
305.0303024	10398879	59.5	404549	2.5	
305.0666754	7310505	41.3	408987	1.7	
305.0878038	16499886	95.6	401714	3.9	
306.0911466	2462634	12.6	401914	0.6	
306.0956273	3209643	17.0	404293	0.8	
307.0459316	18671256	108.5	402507	4.4	
307.0823068	8248993	46.8	397663	2.0	
307.1034177	2782886	14.5	450948	0.7	
308.0492536	2876302	15.0	487480	0.7	
309.0616026	7950468	45.0	401410	1.9	
309.0827060	7018633	39.5	414738	1.7	
309.0979764	5726349	31.9	398497	1.4	
311.0408261	8290908	47.0	382326	2.0	
311.0772444	10179173	58.2	392533	2.4	
311.0983750	9745002	55.7	393236	2.3	
313.0353419	2393133	12.0	475782	0.6	
313.0565093	20814898	120.3	389792	4.9	
313.0717773	3991605	21.4	402774	0.9	
313.0928856	7781434	43.7	411671	1.8	
314.0068143	4701451	25.6	385947	1.1	
314.0598365	2966807	15.4	411238	0.7	
314.0643143	10427672	59.3	400773	2.5	
315.0146324	38002160	221.3	388520	9.0	
315.0510321	5539319	30.5	393882	1.3	
315.0721537	27155964	157.5	396743	6.4	
315.0874105	4476415	24.3	440983	1.1	
315.1085329	3177988	16.7	425514	0.8	
316.0179705	5902031	32.7	407282	1.4	
316.0754614	3801820	20.3	376980	0.9	
316.9938848	5175207	28.4	377807	1.2	
317.0302911	7776175	43.7	380742	1.8	
317.0666827	9611191	54.4	398012	2.3	
317.0878160	5719995	31.6	393496	1.4	
317.1030373	3845055	20.6	397240	0.9	
318.0380772	4518027	24.5	396612	1.1	
319.0459395	18932068	109.2	386286	4.5	
319.0823206	7424364	41.6	394918	1.8	
319.1034383	3821937	20.4	395189	0.9	
320.0493114	3254842	17.1	393912	0.8	
320.0901346	2355267	11.8	428722	0.6	
321.0251997	4944648	27.0	407808	1.2	
321.0615982	8313616	46.8	389813	2.0	
321.0827064	15754004	90.5	382373	3.7	
321.0979704	5804824	32.1	392364	1.4	
323.0408309	9147562	51.3	390467	2.2	
323.0772319	12780722	72.5	387324	3.0	
323.0983743	38741172	223.8	378412	9.2	
323.1136777	3416249	17.9	392858	0.8	
324.0806405	2406782	12.0	371542	0.6	
324.0850234	2491775	12.5	428335	0.6	
324.1017710	4296067	23.0	383372	1.0	
324.9989991	7343672	40.8	385114	1.7	
325.0565019	7333443	40.7	392362	1.7	
325.0776472	6360647	35.1	379864	1.5	
325.0928854	9631306	54.1	383119	2.3	
325.1140033	3609166	19.0	393741	0.9	
327.0146579	3239879	16.9	390011	0.8	
327.0509829	4862927	26.3	382148	1.2	
327.0721603	6057939	33.3	402912	1.4	
327.0874034	5476310	29.9	388045	1.3	
327.0933025	3987415	21.2	397756	0.9	
327.1085647	5390298	29.4	372532	1.3	
327.1813217	6952936	38.5	379353	1.6	
328.9939683	2620744	13.3	366382	0.6	
329.0302976	15309135	87.2	382069	3.6	
329.0514015	3000659	15.5	386435	0.7	
329.0666714	6594902	36.4	373542	1.6	
329.0877751	9910618	55.8	372574	2.3	
329.1030421	3491165	18.3	377394	0.8	
329.2333341	3070326	15.9	401201	0.7	
330.0336411	2972175	15.3	444707	0.7	
330.0592567	2914836	15.0	374171	0.7	
330.0743868	2556438	12.9	392548	0.6	
331.0095094	2906823	14.9	356792	0.7	
331.0459215	5780174	31.7	386557	1.4	
331.0670680	79907536	463.8	369677	18.9	
331.0823200	9779925	55.0	375686	2.3	
331.1034765	6425305	35.4	386089	1.5	
332.0703994	11316110	63.4	364644	2.7	
332.0902028	2752402	13.9	397031	0.7	
333.0252083	14740543	83.2	371340	3.5	
333.0615924	12610629	70.9	373170	3.0	
333.0826851	3554377	18.5	381771	0.8	
333.0979681	7144524	39.3	390145	1.7	
334.0285334	2617079	13.1	355681	0.6	
334.0330291	6122744	33.4	361997	1.4	
334.0649110	2714878	13.7	385515	0.6	
334.0694130	3135742	16.1	410847	0.7	
335.0408390	7880111	43.5	374095	1.9	
335.0772323	9104821	50.6	374473	2.2	
335.0983993	5096889	27.5	376000	1.2	
335.1136077	3324348	17.2	414409	0.8	
337.0565056	5506840	29.8	380739	1.3	
337.0776078	3019547	15.4	352279	0.7	
337.0928813	10077982	56.3	347707	2.4	
337.1140304	4320034	23.0	386831	1.0	
339.0145903	3574895	18.7	396771	0.8	
339.0721641	15949945	90.2	368423	3.8	
339.0932922	23720062	135.1	359664	5.6	
339.1085663	6312064	34.5	378827	1.5	
340.0755377	2467111	12.2	357283	0.6	
340.0799858	3346728	17.3	396037	0.8	
340.0966851	2988331	15.3	412260	0.7	
341.0303244	4754891	25.5	364289	1.1	
341.0666372	4510162	24.1	367613	1.1	
341.0878261	12456405	70.0	366206	2.9	
341.1089309	85021144	489.5	355414	20.1	
341.1242347	2674651	13.4	348582	0.6	
342.1122814	10945155	61.3	361899	2.6	
343.0094969	3557147	18.4	387473	0.8	
343.0459441	5045025	26.9	374878	1.2	
343.0671354	3042084	15.4	395267	0.7	
343.0823145	6138663	33.2	373930	1.5	
343.1034460	8981290	49.5	350231	2.1	
344.0903132	2576336	12.8	356072	0.6	
345.0251646	9823338	54.3	359511	2.3	
345.0615852	13345905	74.5	361991	3.2	
345.0827276	5104756	27.3	380886	1.2	
345.0980067	7146615	39.0	368036	1.7	
345.1190772	2757754	13.8	361341	0.7	
345.2282435	2886796	14.5	416681	0.7	
345.9967018	3854603	20.1	382368	0.9	
346.0694209	3834135	20.0	376336	0.9	
346.1058336	2839836	14.3	359782	0.7	
347.0408017	3657141	19.0	350847	0.9	
347.0772460	30250426	171.4	356937	7.2	
347.0983650	5989823	32.3	370495	1.4	
347.1135816	5297601	28.4	363062	1.3	
348.0806016	4828766	25.7	356325	1.1	
348.0849996	3241566	16.6	368231	0.8	
349.0564868	7579387	41.4	341845	1.8	
349.0928681	10737408	59.5	352941	2.5	
349.1140197	3578628	18.5	389324	0.8	
351.0357442	3579958	18.5	380025	0.8	
351.0721614	7936060	43.5	355269	1.9	
351.0933132	3067967	15.6	389548	0.7	
351.1085588	7221313	39.4	349880	1.7	
353.0513752	3579250	18.5	356554	0.8	
353.0725089	2746742	13.7	355718	0.7	
353.0878172	9699704	53.6	343770	2.3	
353.1089456	6377851	34.5	361035	1.5	
353.1241111	3551614	18.3	335908	0.8	
354.0955993	2501141	12.3	364041	0.6	
355.0459706	3348136	17.0	344427	0.8	
355.0670668	3723947	19.1	352118	0.9	
355.0823522	6130349	32.8	350648	1.5	
355.0882244	4502190	23.6	351922	1.1	
355.1034493	8678064	47.3	349805	2.1	
355.1187701	2678451	13.2	350097	0.6	
355.1245431	2946740	14.7	340868	0.7	
357.0252200	3169239	16.0	386477	0.8	
357.0615518	5239773	27.8	345276	1.2	
357.0826989	5211104	27.6	341734	1.2	
357.0980021	5422050	28.8	349339	1.3	
357.1038255	14973923	83.0	337921	3.5	
357.1190564	4019173	20.8	321771	1.0	
359.0408807	2745609	13.6	402241	0.7	
359.0750373	2576142	12.6	304828	0.6	
359.0772471	8942862	48.8	337365	2.1	
359.0983638	9968913	54.6	341756	2.4	
359.1135905	3782932	19.5	350613	0.9	
359.1194454	2406677	11.7	402008	0.6	
360.0850036	2876838	14.3	328876	0.7	
361.0201279	6479410	34.8	355201	1.5	
361.0564902	6487608	34.8	360034	1.5	
361.0776092	3715643	19.1	372234	0.9	
361.0928805	11050557	60.7	344898	2.6	
361.1140107	5277248	28.0	352807	1.2	
362.0279089	3168969	16.0	363183	0.8	
363.0357402	2703199	13.3	409618	0.6	
363.0721532	10555236	57.9	347372	2.5	
363.0933237	3040103	15.3	372041	0.7	
363.1085512	6989674	37.7	353850	1.7	
365.0514228	3971209	20.5	341759	0.9	
365.0878169	9203854	50.3	340705	2.2	
365.1089423	5566609	29.6	326644	1.3	
365.1241655	3221652	16.3	343705	0.8	
367.0671045	4204977	21.7	335262	1.0	
367.0823759	2863539	14.1	349645	0.7	
367.1034673	9580982	51.9	328000	2.3	
367.1245416	3421626	17.3	332751	0.8	
369.0615200	2611925	12.7	371399	0.6	
369.0827464	5933784	31.4	355360	1.4	
369.0979629	4428506	22.9	339251	1.0	
369.1038477	6058715	32.1	328533	1.4	
369.1190451	5894877	31.2	322535	1.4	
371.0044501	4296688	22.2	343257	1.0	
371.0408382	6798325	36.2	355806	1.6	
371.0772695	5293051	27.8	339088	1.3	
371.0983826	8047614	43.2	341561	1.9	
371.1136467	3380224	17.0	362065	0.8	
371.1194977	6056961	32.1	333857	1.4	
373.0201217	4061461	20.8	350463	1.0	
373.0564826	5328154	28.0	336762	1.3	
373.0775971	2699549	13.2	368572	0.6	
373.0928676	8545567	46.0	320291	2.0	
373.1140150	6739235	35.9	312295	1.6	
373.1292788	2539813	12.3	341612	0.6	
374.1007108	2419122	11.6	354217	0.6	
375.0357642	2944569	14.6	330099	0.7	
375.0721439	8691262	46.9	327508	2.1	
375.0932835	5826114	30.8	342203	1.4	
375.1085674	8214084	44.2	323108	1.9	
376.0799832	6356689	33.7	333774	1.5	
377.0514169	11327326	61.7	332552	2.7	
377.0855538	8492899	45.7	264239	2.0	
377.0878042	39282532	218.8	319409	9.3	
377.1089423	7257958	38.8	331859	1.7	
377.1241590	5713768	30.1	328078	1.4	
378.0591974	3152880	15.7	330345	0.7	
378.0911041	7696373	41.3	322056	1.8	
378.0956533	3924981	20.1	333812	0.9	
379.0670462	5855362	30.9	345116	1.4	
379.0825586	3277957	16.4	328510	0.8	
379.1034170	10954888	59.6	333462	2.6	
379.1245642	3797131	19.4	323634	0.9	
379.1397758	2716813	13.3	351946	0.6	
381.0827374	7274920	38.5	333905	1.7	
381.1038336	5806507	30.3	331772	1.4	
381.1191133	7283117	38.5	329685	1.7	
383.0772731	3612363	18.1	345220	0.9	
383.0984236	8987342	48.0	319277	2.1	
383.1136557	3669712	18.4	365801	0.9	
383.1195049	9378513	50.2	322839	2.2	
385.0564478	3931117	19.9	373028	0.9	
385.0929038	6943731	36.6	333335	1.6	
385.1140092	8743925	46.7	330368	2.1	
385.1293365	2842616	13.8	315808	0.7	
387.0358010	6362385	33.4	348354	1.5	
387.0721923	5412119	28.1	315430	1.3	
387.0933149	3631386	18.2	359857	0.9	
387.1085481	6180124	32.4	333623	1.5	
387.1143905	2603293	12.5	323642	0.6	
387.1296448	3735839	18.8	338708	0.9	
389.0514064	3453500	17.2	337372	0.8	
389.0877831	8121922	43.2	308678	1.9	
389.1089632	5850693	30.6	332317	1.4	
389.1241920	4818503	24.8	327582	1.1	
391.0670646	11337578	61.1	327869	2.7	
391.1034893	10448751	56.1	316224	2.5	
391.1246077	4579187	23.5	288237	1.1	
391.1398537	2527093	12.1	339944	0.6	
392.0747865	3819522	19.3	327308	0.9	
392.1067409	2455559	11.7	331060	0.6	
393.0827463	10072218	54.0	316236	2.4	
393.1039023	3894430	19.7	335409	0.9	
393.1191576	7635104	40.5	310185	1.8	
395.0619685	2557897	12.1	311085	0.6	
395.0983760	11932110	63.6	320428	2.8	
395.1195125	9155025	48.4	306262	2.2	
395.1348023	3643860	18.1	325662	0.9	
396.1016571	2492009	11.7	319509	0.6	
396.1060957	2389609	11.2	301382	0.6	
397.0775571	4193024	21.1	332468	1.0	
397.0929968	3967746	19.9	316401	0.9	
397.0987916	6923011	36.1	326677	1.6	
397.1140374	8516357	44.9	314866	2.0	
397.1351631	2823944	13.6	294561	0.7	
398.1174754	2421665	11.4	322224	0.6	
398.1218147	2403234	11.3	329063	0.6	
399.0358066	2667569	12.7	302544	0.6	
399.0722294	3708983	18.4	322587	0.9	
399.0933438	3933242	19.7	323223	0.9	
399.1086061	5055549	25.8	309962	1.2	
399.1144408	7410750	38.8	305891	1.8	
399.1296666	4387904	22.2	338228	1.0	
401.0513887	6309232	32.7	298328	1.5	
401.0878328	7122294	37.2	314531	1.7	
401.1089243	6917497	36.1	321575	1.6	
401.1242494	7013756	36.6	309886	1.7	
401.1301133	3626365	18.0	304109	0.9	
403.0671366	3658420	18.1	329796	0.9	
403.1034572	15636153	84.0	300950	3.7	
403.1246081	5224125	26.8	311151	1.2	
403.1398173	2950847	14.3	326042	0.7	
404.1045179	2956124	14.3	299418	0.7	
404.1067784	2682716	12.8	261148	0.6	
404.1114851	2382685	11.1	329339	0.6	
405.0827671	5887996	30.4	303371	1.4	
405.1038666	2367487	11.0	334636	0.6	
405.1191063	6918146	36.1	309291	1.6	
407.0619972	4309316	21.7	325852	1.0	
407.0984236	6474058	33.6	307889	1.5	
407.1194982	3729741	18.5	321026	0.9	
407.1347115	4301136	21.7	292739	1.0	
409.0776341	3439254	16.9	303037	0.8	
409.1140121	6771357	35.3	308424	1.6	
411.0932749	7420912	38.4	306998	1.8	
411.1085316	3127282	15.0	313174	0.7	
411.1144467	5000179	25.2	298215	1.2	
411.1297142	4553718	22.8	318511	1.1	
413.0513805	2753861	13.0	289361	0.7	
413.0878450	4758859	23.9	322151	1.1	
413.1089260	8201551	42.6	296637	1.9	
413.1244351	3047761	14.6	297256	0.7	
413.1300639	11009362	57.9	298229	2.6	
415.0671248	3204778	15.5	296817	0.8	
415.1033884	5940913	30.3	297992	1.4	
415.1093896	3578546	17.5	303918	0.8	
415.1245745	5246645	26.5	282347	1.2	
415.1398775	3734199	18.3	320992	0.9	
417.0464241	2642960	12.4	335213	0.6	
417.0827723	4798487	24.1	294557	1.1	
417.1039387	3252251	15.7	298675	0.8	
417.1191363	6860830	35.3	303211	1.6	
417.1250352	4146207	20.6	282652	1.0	
417.1400969	2667554	12.5	256632	0.6	
418.0541275	3743945	18.4	303852	0.9	
419.0619339	3572100	17.4	297328	0.8	
419.0983366	7162251	36.9	294790	1.7	
419.1195380	4891023	24.6	310954	1.2	
419.1347254	5630354	28.6	304827	1.3	
420.1062142	3363399	16.3	305388	0.8	
421.0775841	2672382	12.6	335551	0.6	
421.1140362	9122565	47.6	289086	2.2	
421.1352440	3214089	15.5	307444	0.8	
423.0933325	5348479	27.1	297034	1.3	
423.1085485	2750594	13.0	311770	0.7	
423.1143992	2692227	12.7	331428	0.6	
423.1296595	7062662	36.4	309672	1.7	
425.0725961	3315200	16.0	296556	0.8	
425.0878669	3281411	15.9	317116	0.8	
425.1089448	6776327	34.8	308836	1.6	
425.1300688	5045771	25.4	309579	1.2	
425.1453108	3143182	15.1	301364	0.7	
427.1035006	4792208	24.1	296965	1.1	
427.1246130	6274965	32.1	297340	1.5	
427.1456424	2750361	13.0	331345	0.7	
429.0827941	4364573	21.5	303952	1.0	
429.1037875	3899681	19.0	288257	0.9	
429.1191545	4282660	21.0	308676	1.0	
429.1249887	8980773	46.2	295557	2.1	
429.1403167	3758376	18.2	294149	0.9	
431.0983398	5819063	29.3	296834	1.4	
431.1042058	2943672	13.8	317184	0.7	
431.1195238	8106683	41.5	285420	1.9	
431.1347649	17599166	92.4	285951	4.2	
431.1406291	12716735	66.2	289643	3.0	
432.1380317	3911564	19.0	296427	0.9	
432.1439924	2503566	11.5	296749	0.6	
433.0776026	2834511	13.2	300538	0.7	
433.1139845	7603287	38.8	298935	1.8	
433.1352434	3121243	14.8	288928	0.7	
433.1504327	4775006	23.7	297329	1.1	
435.0569341	2840045	13.3	310535	0.7	
435.0933124	3697141	17.9	300360	0.9	
435.1144528	2737657	12.7	296282	0.6	
435.1296289	5031420	25.0	287666	1.2	
437.1090010	6256544	31.6	292562	1.5	
437.1301603	3157924	15.0	298770	0.7	
437.1452025	4093863	20.0	295979	1.0	
439.1034346	3278156	15.6	258742	0.8	
439.1246340	5454160	27.3	293788	1.3	
439.1458040	2464085	11.3	277169	0.6	
441.1038676	2575102	11.8	319025	0.6	
441.1191356	2877186	13.5	272288	0.7	
441.1249794	2937603	13.8	302580	0.7	
441.1402259	2822918	13.2	315656	0.7	
443.0984020	4070581	19.9	294102	1.0	
443.1194505	3287226	15.7	295689	0.8	
443.1405974	3322046	15.9	330692	0.8	
445.1140662	4167285	20.4	299211	1.0	
445.1350952	2540154	11.7	315222	0.6	
447.0569356	7530538	37.9	294922	1.8	
447.0932515	3827762	18.3	295262	0.9	
447.1144044	3346487	15.8	305429	0.8	
447.1296603	4356154	21.1	291435	1.0	
447.1355227	5834812	28.9	276188	1.4	
449.1089478	5716476	28.3	277413	1.4	
449.1300943	6181377	30.7	274908	1.5	
449.1453395	4602372	22.4	282878	1.1	
451.0881867	2528194	11.4	309461	0.6	
451.1246737	7203787	36.1	256547	1.7	
453.1039699	5848469	29.0	294035	1.4	
453.1190011	3072409	14.3	257188	0.7	
453.1249454	4894106	23.9	260240	1.2	
453.1403391	5168542	25.4	291055	1.2	
455.0984308	4062056	19.5	277894	1.0	
455.1195070	4308845	20.8	280318	1.0	
455.1348374	2817904	12.9	293054	0.7	
455.1406493	4489074	21.8	288694	1.1	
455.1558482	2584437	11.7	234124	0.6	
457.0777218	2510139	11.3	295656	0.6	
457.1140480	4510019	21.9	278095	1.1	
457.1199650	2472261	11.1	290108	0.6	
457.1352024	4714824	23.0	274598	1.1	
457.1563275	2417997	10.8	231083	0.6	
459.0932939	3009306	14.0	273599	0.7	
459.1296423	3846947	18.4	278227	0.9	
459.1355843	8114981	40.9	283593	1.9	
459.1507010	2734888	12.5	313569	0.6	
461.0725737	10560757	53.9	279604	2.5	
461.1089684	4916478	24.0	279982	1.2	
461.1301449	5547267	27.4	277537	1.3	
461.1453433	2898183	13.4	289721	0.7	
463.0670529	8009432	40.4	281856	1.9	
463.0882319	9348828	47.5	270183	2.2	
463.1245956	6405862	31.9	276106	1.5	
463.1456805	3539691	16.8	261504	0.8	
464.0964406	2679762	12.2	262252	0.6	
465.0827784	2443458	11.0	284271	0.6	
465.1039011	4475080	21.7	266156	1.1	
465.1249303	2654413	12.1	259968	0.6	
465.1402674	5679313	28.1	272443	1.3	
467.0983994	3023537	13.8	258266	0.7	
467.1195207	6539958	32.1	269446	1.5	
467.1347194	2574010	11.5	307623	0.6	
467.1406030	5497532	26.7	269749	1.3	
467.1558247	3628735	17.0	269868	0.9	
469.1140658	3643555	17.0	242800	0.9	
469.1352390	5090472	24.6	270639	1.2	
471.0932295	2464399	10.9	279606	0.6	
471.1295453	2542232	11.3	274340	0.6	
471.1355315	15314586	77.8	262550	3.6	
471.1507375	2501278	11.1	250601	0.6	
472.1390501	2942868	13.4	296043	0.7	
473.1088678	4046984	19.1	271133	1.0	
473.1301481	2710669	12.2	312199	0.6	
473.1453192	3028113	13.8	291176	0.7	
473.1512895	4147346	19.7	263677	1.0	
475.1246635	4885123	23.5	279134	1.2	
475.1307447	2378372	10.4	304619	0.6	
475.1457288	3488392	16.2	275784	0.8	
475.1669000	3570318	16.6	283648	0.8	
477.1038149	3439736	16.0	272487	0.8	
477.1402506	4670593	22.4	257338	1.1	
477.1461528	3875971	18.2	248222	0.9	
479.0620271	5201514	25.1	266703	1.2	
479.1194844	4413049	21.0	270706	1.0	
479.1407602	3186302	14.6	249165	0.8	
479.1558454	2745986	12.3	297455	0.7	
481.0835576	2874479	13.0	264865	0.7	
481.0987269	2678899	12.0	298412	0.6	
481.1140583	2642039	11.8	284236	0.6	
481.1351352	4941948	23.8	261823	1.2	
483.0932540	2393715	10.5	312467	0.6	
483.1143725	3828344	18.0	248405	0.9	
483.1296385	3331708	15.4	281138	0.8	
483.1355612	3822206	17.9	256619	0.9	
483.1508284	3721858	17.4	279906	0.9	
485.1090361	3490939	16.2	223341	0.8	
485.1300303	3724417	17.4	241233	0.9	
485.1452895	2573444	11.4	224971	0.6	
485.1512142	8731782	43.5	256585	2.1	
485.1664319	3086474	14.1	250073	0.7	
487.1246191	3928709	18.5	249552	0.9	
487.1457240	4437643	21.1	256327	1.1	
487.1821100	29884052	153.6	254157	7.1	
488.1854746	6444953	31.6	258698	1.5	
488.1899521	3655578	17.1	254347	0.9	
489.1037229	3356808	15.3	251818	0.8	
489.1253426	2394253	10.3	259775	0.6	
489.1401403	4655249	21.9	253859	1.1	
489.1459869	4270227	19.9	262461	1.0	
491.1194806	4457110	20.9	258264	1.1	
491.1254382	5073560	24.0	250088	1.2	
491.1406671	2411163	10.4	261886	0.6	
491.1558868	2904735	12.9	266955	0.7	
493.0776070	8406166	41.1	260343	2.0	
493.1351401	6982822	33.8	260196	1.7	
494.0810248	2722206	12.0	291285	0.6	
495.1143188	3653293	16.8	258876	0.9	
495.1508246	3786423	17.5	281675	0.9	
497.1089582	2535611	11.0	284695	0.6	
497.1300786	8022208	39.1	246033	1.9	
499.1245776	2794191	12.4	257070	0.7	
499.1457481	3062484	13.7	234525	0.7	
499.1668379	6951642	33.7	255859	1.6	
501.1400917	2506468	10.9	219680	0.6	
501.1461320	8965349	44.0	244242	2.1	
501.1616299	2420969	10.5	267561	0.6	
503.1195263	2665200	11.7	253631	0.6	
503.1617547	6862588	33.2	246774	1.6	
505.1351641	3132679	14.1	247857	0.7	
507.1507267	2459423	10.6	271154	0.6	
509.0726956	3849503	17.8	278894	0.9	
509.1299638	4300078	20.1	238155	1.0	
511.1457713	3745607	17.2	275484	0.9	
513.1402317	3310938	14.8	246890	0.8	
515.1618185	2439029	10.4	247564	0.6	
515.2134290	5223299	24.4	264037	1.2	
517.1351263	3076483	13.6	250889	0.7	
517.1411391	2583941	11.1	248002	0.6	
517.3170817	15519156	76.3	228750	3.7	
518.3204787	4576960	21.1	258953	1.1	
519.1566876	23691166	117.4	236751	5.6	
520.1601144	4763818	22.1	271066	1.1	
521.1301629	3867052	17.5	237723	0.9	
521.1512079	2557362	10.9	236470	0.6	
523.1456608	3994565	18.2	257695	0.9	
525.1250700	2398675	10.1	264641	0.6	
525.1401257	2574807	11.0	237659	0.6	
525.1463743	2461145	10.5	235849	0.6	
525.1614462	3741149	16.9	261505	0.9	
529.1351571	2475516	10.5	257759	0.6	
531.1507669	3139602	13.9	241667	0.7	
531.1567027	2983955	13.1	253964	0.7	
533.1724534	2715176	11.7	273990	0.6	
533.3119973	8609357	41.4	235475	2.0	
534.3152065	2656085	11.4	231411	0.6	
535.1455048	2565168	11.0	261812	0.6	
535.1516797	4286514	19.6	213774	1.0	
537.1610918	2839106	12.3	239005	0.7	
537.1673158	6652484	31.6	228914	1.6	
539.1408078	3277898	14.6	264288	0.8	
543.1508364	2546784	10.7	247358	0.6	
543.1565092	3155042	13.7	241001	0.7	
553.1562205	2854518	12.2	254351	0.7	
555.1718343	2566265	10.8	248282	0.6	
557.1511215	3007089	13.0	234373	0.7	
561.1672942	5134957	23.5	227095	1.2	
563.1827087	3194986	13.9	202885	0.8	
569.1666828	2785868	11.7	230222	0.7	
569.1873087	2651729	11.0	223934	0.6	
575.1829185	2503723	10.3	257709	0.6	
585.1615561	2403799	9.8	235663	0.6	
585.1671651	2487768	10.2	187050	0.6	
589.1564493	2436529	9.9	229143	0.6	
589.1985244	2697659	11.2	225478	0.6	
591.1777135	5449635	24.7	201123	1.3	
609.1885158	2920678	12.1	214529	0.7	
637.1982900	2475971	9.9	205394	0.6	
643.1150872	2597244	10.2	204861	0.6	
687.3384110	2579832	9.7	208065	0.6	
697.3803060	5433298	22.7	188480	1.3	
