m/z	I	S/N	Res.	I %	
153.01934	2349519	12.6	847909	0.7	
155.03499	2517333	13.6	779816	0.8	
159.02989	4245291	24.3	780063	1.3	
161.04555	19262722	117.3	779242	6.1	
165.01934	2755071	15.0	793087	0.9	
165.04046	4408066	25.2	819369	1.4	
167.03499	5816877	33.8	785257	1.8	
169.01425	26497394	160.4	750289	8.4	
169.01451	2696561	14.5	1641278	0.9	
169.05064	3136376	17.2	790165	1.0	
171.02989	2469591	13.1	697757	0.8	
171.13906	4606699	26.2	769430	1.5	
173.04555	3274328	18.0	746097	1.0	
175.02481	2841323	15.3	742611	0.9	
177.01933	3314074	18.2	769840	1.1	
177.04046	11837342	70.2	735658	3.8	
177.05571	2377122	12.5	867150	0.8	
178.04828	3207809	17.5	712313	1.0	
179.03498	5743974	32.9	708123	1.8	
179.05524	4706667	26.6	804453	1.5	
179.05582	4106603	23.0	1722232	1.3	
179.05611	62191980	375.9	700069	19.7	
179.05641	4641131	26.2	841645	1.5	
180.05947	4003417	22.3	715270	1.3	
181.01425	2971713	16.0	707682	0.9	
181.05063	9807690	57.4	710739	3.1	
183.02990	3650876	20.1	741095	1.2	
183.06630	2425669	12.7	682229	0.8	
185.04554	5250382	29.7	681419	1.7	
187.06118	2601333	13.7	765919	0.8	
189.04046	2869671	15.3	696852	0.9	
191.03498	6398449	36.4	644882	2.0	
191.05511	3342839	18.1	735701	1.1	
191.05578	3649015	19.9	1504944	1.2	
191.05611	53175800	316.8	653878	16.9	
191.05645	4242935	23.5	1091748	1.3	
192.05945	4130085	22.8	683798	1.3	
193.01424	4806729	26.8	667280	1.5	
193.03537	6911056	39.5	678240	2.2	
193.05062	10057812	58.3	660577	3.2	
195.02990	6287040	35.6	674484	2.0	
195.05102	15721158	91.9	645032	5.0	
195.06628	5651147	31.8	656448	1.8	
197.04555	21974344	129.3	641525	7.0	
198.04890	2987153	15.9	689388	0.9	
199.06121	5617634	31.5	694300	1.8	
199.17034	3378695	18.1	610820	1.1	
201.04046	5584512	31.3	647501	1.8	
203.03498	2875699	15.1	685142	0.9	
203.05611	5860666	32.8	633455	1.9	
205.03537	10924023	62.8	619739	3.5	
205.05064	5525500	30.8	633736	1.8	
207.02989	5592775	31.1	650832	1.8	
207.05102	10691278	61.2	599838	3.4	
207.06628	10635988	60.8	623636	3.4	
209.04554	12848556	73.9	600754	4.1	
209.06668	7348660	41.4	614152	2.3	
211.02481	8624273	48.7	601329	2.7	
211.06120	11372702	64.9	585351	3.6	
213.04046	6564751	36.6	596241	2.1	
213.07684	3898269	20.9	590475	1.2	
215.03280	3715216	19.8	620241	1.2	
215.05611	12207769	69.5	594939	3.9	
217.05063	3474342	18.4	580108	1.1	
217.07176	3427246	18.1	597506	1.1	
219.02989	4384950	23.7	620810	1.4	
219.05103	13591742	77.6	579068	4.3	
219.06629	5075141	27.7	606759	1.6	
221.00916	4125647	22.1	600604	1.3	
221.04554	10899422	61.6	581960	3.5	
221.06668	22749158	130.6	557960	7.2	
221.08193	3084781	16.0	628929	1.0	
222.05336	2720117	13.9	572948	0.9	
223.02483	4810496	26.1	630841	1.5	
223.06120	13941519	79.3	571428	4.4	
225.04047	11914808	67.1	560874	3.8	
225.06161	3580481	18.8	596202	1.1	
225.07685	9702983	54.3	542650	3.1	
227.05611	12360056	69.7	559681	3.9	
229.07175	8588478	47.6	572142	2.7	
231.02993	3043314	15.6	458128	1.0	
231.05102	5272571	28.5	586842	1.7	
231.06627	3008513	15.4	568579	1.0	
233.04554	8317763	46.0	572799	2.6	
233.06668	11825996	66.3	537630	3.8	
233.08191	3219794	16.6	493937	1.0	
234.05335	2401517	11.8	642211	0.8	
235.02481	7988873	43.9	533978	2.5	
235.04591	2751121	13.8	621046	0.9	
235.06119	9332376	51.6	535367	3.0	
235.08231	3881121	20.3	497396	1.2	
236.06904	2408516	11.8	562630	0.8	
237.04046	7369185	40.3	563954	2.3	
237.06158	26950122	152.8	523029	8.5	
237.07684	7426545	40.7	526780	2.4	
238.06495	2605973	13.0	538590	0.8	
239.01974	7007533	38.3	512168	2.2	
239.05611	15240508	85.6	520069	4.8	
239.07723	6803781	37.1	511945	2.2	
239.09251	3009868	15.3	543178	1.0	
240.05945	2398953	11.7	543315	0.8	
240.06388	2548459	12.6	526168	0.8	
241.03538	11001994	60.9	547454	3.5	
241.07176	16224410	90.7	517530	5.1	
242.07953	2458185	12.1	526754	0.8	
243.05101	6986729	37.9	531251	2.2	
243.08742	4901881	26.0	509979	1.6	
245.04555	4423487	23.3	514955	1.4	
245.06667	12834632	71.3	504462	4.1	
245.08190	2389839	11.7	581158	0.8	
246.98842	2824319	14.1	488142	0.9	
247.02480	10662543	58.6	508200	3.4	
247.06119	8450718	46.0	511786	2.7	
247.08233	7955112	43.2	512415	2.5	
249.04045	11202029	61.7	492870	3.6	
249.06159	21356022	119.4	494718	6.8	
249.07684	9154045	50.0	514351	2.9	
250.04828	3024796	15.2	585205	1.0	
251.05610	20398410	113.9	489250	6.5	
251.07546	3026258	15.2	634151	1.0	
251.07723	43868500	247.3	488542	13.9	
251.09250	4321626	22.4	543844	1.4	
252.05948	2566902	12.5	548398	0.8	
252.06392	3896056	20.0	548239	1.2	
252.08058	4969215	26.1	511769	1.6	
253.03538	4828309	25.3	520198	1.5	
253.07175	16344229	90.4	490229	5.2	
255.05102	9009133	48.9	485860	2.9	
255.07218	6660086	35.6	484686	2.1	
255.08741	6957052	37.3	486635	2.2	
257.04553	3436856	17.4	441206	1.1	
257.06667	15035201	82.9	484166	4.8	
259.02483	2363512	11.3	510073	0.7	
259.06119	7427719	39.7	485661	2.4	
259.08233	10696336	58.1	475643	3.4	
261.00407	13357491	73.0	475068	4.2	
261.04045	5647810	29.7	507727	1.8	
261.06158	5090763	26.6	490669	1.6	
261.07684	6871505	36.6	498311	2.2	
262.04823	2411877	11.5	487555	0.8	
263.01972	3713271	18.8	499415	1.2	
263.05611	13026566	71.2	480598	4.1	
263.07723	17368336	95.5	470631	5.5	
263.09251	5091606	26.6	512228	1.6	
265.03536	9199669	49.3	471118	2.9	
265.07175	13666372	74.3	472833	4.3	
265.09289	3626061	18.2	508313	1.1	
266.07956	2472928	11.8	471643	0.8	
267.05102	13867883	75.4	477850	4.4	
267.07215	39058292	216.0	462161	12.4	
267.08741	9016186	48.3	477757	2.9	
268.05437	2583810	12.4	512750	0.8	
268.05884	3145988	15.6	500315	1.0	
268.07547	3208458	15.9	537733	1.0	
269.03026	2654859	12.8	504204	0.8	
269.06667	24030874	132.1	453901	7.6	
269.08781	13188770	71.6	465422	4.2	
269.10306	3132072	15.5	521131	1.0	
270.07006	3802156	19.2	501173	1.2	
270.07447	4642862	23.9	459330	1.5	
271.04594	24281520	132.6	461745	7.7	
271.06121	4378039	22.3	445442	1.4	
271.08233	13881791	75.0	457881	4.4	
271.09763	2442181	11.5	466563	0.8	
272.04930	3230526	15.9	481168	1.0	
272.06906	2421574	11.4	458541	0.8	
272.08568	2615117	12.5	480907	0.8	
273.04044	4716741	24.1	487735	1.5	
273.06158	7316685	38.6	458133	2.3	
273.07686	6823123	35.8	460692	2.2	
273.09796	3522779	17.5	488613	1.1	
275.01973	3545032	17.6	479290	1.1	
275.05610	9168854	48.8	451594	2.9	
275.07724	11288542	60.6	439773	3.6	
275.09253	4827108	24.8	469526	1.5	
277.03538	6935247	36.4	438573	2.2	
277.07175	13626077	73.5	443926	4.3	
277.09288	10169061	54.4	441540	3.2	
277.10807	2513131	11.9	477961	0.8	
278.07962	3088476	15.1	495252	1.0	
279.05103	9639370	51.1	443854	3.1	
279.07216	7171538	37.5	449881	2.3	
279.08741	11042264	58.8	468788	3.5	
280.05893	2439491	11.4	528353	0.8	
281.06667	15806648	85.0	437064	5.0	
281.08780	43561152	237.9	434357	13.8	
281.10308	5449926	28.0	445577	1.7	
282.07454	2516523	11.8	532587	0.8	
282.09114	5359153	27.5	415119	1.7	
283.04595	7281549	38.1	440184	2.3	
283.06119	3250066	15.9	447560	1.0	
283.08231	15299482	82.2	433227	4.9	
284.08575	2373892	11.1	450829	0.8	
284.09023	2588933	12.2	434560	0.8	
285.04045	3372633	16.6	491159	1.1	
285.06157	11880032	63.4	450529	3.8	
285.07685	4854374	24.7	464312	1.5	
285.08272	4984424	25.4	443647	1.6	
285.09799	7640685	40.1	427540	2.4	
286.06941	2527685	11.8	456015	0.8	
287.05609	7901470	41.2	434831	2.5	
287.07723	28743972	155.2	425600	9.1	
287.09248	4529451	22.8	429396	1.4	
288.06389	2950778	14.1	499202	0.9	
288.08062	3299968	16.0	403454	1.0	
288.08507	4662914	23.5	479279	1.5	
289.03539	3883975	19.2	428255	1.2	
289.07176	11590611	61.4	424949	3.7	
289.09288	8641498	45.3	412399	2.7	
289.10817	3109856	15.0	447717	1.0	
290.07961	2840872	13.5	483076	0.9	
291.05101	8433261	44.1	423668	2.7	
291.07217	8332916	43.6	430245	2.6	
291.08740	11089529	58.6	410380	3.5	
293.03026	4848888	24.5	406969	1.5	
293.06667	15335684	81.9	418926	4.9	
293.08780	17989898	96.4	429105	5.7	
293.10308	7162128	37.2	418385	2.3	
294.07451	3059273	14.6	463595	1.0	
295.04592	9671551	50.5	410206	3.1	
295.08232	18314122	97.5	411699	5.8	
295.10344	10800018	56.7	418716	3.4	
296.08565	2823368	13.3	457105	0.9	
296.09010	2445513	11.3	482806	0.8	
297.06158	8578552	44.6	422502	2.7	
297.08272	7663103	39.6	409961	2.4	
297.09798	10982916	57.6	419253	3.5	
299.05611	4879453	24.5	434923	1.5	
299.07721	13412451	70.8	403927	4.3	
299.09251	4612200	23.0	415517	1.5	
299.09836	4575338	22.8	426388	1.5	
299.11358	2884718	13.7	451688	0.9	
300.99643	5692067	28.9	466552	1.8	
300.99898	77949600	421.3	403517	24.7	
300.99981	5692068	28.9	776744	1.8	
301.05650	6480565	33.2	414167	2.1	
301.07175	13109945	69.2	408182	4.2	
301.09289	12237504	64.4	412969	3.9	
302.00235	12639180	66.6	416879	4.0	
302.07960	3381219	16.3	461576	1.1	
303.05102	7427326	38.0	415001	2.4	
303.07216	14327044	75.2	405828	4.5	
303.08741	10669321	55.5	411127	3.4	
303.10851	2806031	13.1	439364	0.9	
304.05883	2500129	11.5	374206	0.8	
304.07552	2596902	12.0	443709	0.8	
304.07996	4082215	20.0	429549	1.3	
304.09520	2863659	13.4	415566	0.9	
305.03031	3695414	17.9	436493	1.2	
305.06667	14479168	76.0	408730	4.6	
305.08515	2797381	13.1	444458	0.9	
305.08781	41914184	223.9	401299	13.3	
305.08867	3534662	17.0	766477	1.1	
305.10307	7448395	38.1	421617	2.4	
306.06996	2534491	11.7	406079	0.8	
306.07444	3618908	17.5	402342	1.1	
306.09116	5692513	28.7	387667	1.8	
306.09565	6309986	32.0	418801	2.0	
307.04592	18121068	95.7	401230	5.7	
307.08233	20001142	105.8	411496	6.3	
307.10344	8376699	43.1	406282	2.7	
307.11872	3576191	17.3	438284	1.1	
308.04928	2848384	13.3	455995	0.9	
308.08565	3198602	15.2	415943	1.0	
308.09015	4085387	20.0	410449	1.3	
309.06157	11961236	62.5	406419	3.8	
309.07686	2409368	11.0	361094	0.8	
309.08273	9862042	51.2	398984	3.1	
309.09797	13882270	72.8	411289	4.4	
311.04080	2581415	11.9	408155	0.8	
311.05614	3353003	16.1	388850	1.1	
311.07723	20231600	107.1	392854	6.4	
311.09253	2579381	11.9	406648	0.8	
311.09837	22533558	119.5	395483	7.1	
311.11360	6340027	32.2	415272	2.0	
312.08064	3284666	15.6	367919	1.0	
312.08502	3792571	18.3	432152	1.2	
312.10180	2481343	11.3	339802	0.8	
313.05650	20154296	105.8	395959	6.4	
313.07173	7421884	37.7	391039	2.4	
313.09290	17729474	92.8	395532	5.6	
313.10816	2425286	11.0	380835	0.8	
314.05992	2905275	13.5	432576	0.9	
314.06431	12167356	63.1	394961	3.9	
314.07961	3161280	14.9	412622	1.0	
314.10069	2716870	12.5	451317	0.9	
315.01464	29153712	153.9	390015	9.2	
315.05104	6287801	31.6	398840	2.0	
315.07214	27031998	142.6	384447	8.6	
315.08740	11995586	62.2	385812	3.8	
315.10853	8663495	44.3	382287	2.7	
316.01800	4782765	23.6	395398	1.5	
316.05892	2956471	13.8	371560	0.9	
316.07551	3068603	14.4	431289	1.0	
316.09515	2396352	10.8	412006	0.8	
317.03030	4724650	23.3	416846	1.5	
317.06443	3319219	15.7	323308	1.1	
317.06670	16513971	86.3	389304	5.2	
317.08782	12327864	63.9	389349	3.9	
317.10304	8528828	43.6	406383	2.7	
318.03813	2853539	13.3	365664	0.9	
318.07003	3343531	15.9	404722	1.1	
318.07453	3808428	18.4	367969	1.2	
319.04593	11832730	61.3	388266	3.8	
319.06705	2549151	11.6	388352	0.8	
319.08234	16416163	85.8	386374	5.2	
319.10345	6964648	35.2	382871	2.2	
319.11872	3561900	17.0	405224	1.1	
320.08566	2784918	12.9	421374	0.9	
320.09017	4433559	21.7	379094	1.4	
321.06160	10020736	51.6	388402	3.2	
321.08273	17751940	92.9	380535	5.6	
321.09797	15277961	79.7	385920	4.8	
322.06497	2486382	11.2	374044	0.8	
322.06948	2547823	11.5	407952	0.8	
322.09051	2414196	10.8	434509	0.8	
322.10137	3402871	16.1	395887	1.1	
322.10579	2824312	13.0	406463	0.9	
323.07724	21578076	112.5	380292	6.8	
323.09538	7328096	36.9	455534	2.3	
323.09837	116834656	617.8	376789	37.0	
323.11362	7584100	38.2	383553	2.4	
324.08054	4057669	19.5	381915	1.3	
324.08502	4363846	21.1	407063	1.4	
324.10172	14623306	75.6	376006	4.6	
325.05648	5401382	26.6	389439	1.7	
325.07178	5669673	28.1	376906	1.8	
325.07770	2394410	10.7	361915	0.8	
325.09290	23773998	124.1	377145	7.5	
325.11402	7492403	37.7	383826	2.4	
325.12930	3139382	14.6	390939	1.0	
326.09630	3436562	16.2	400668	1.1	
326.10069	3244051	15.2	461165	1.0	
327.05104	4666602	22.7	375847	1.5	
327.07217	8262895	41.8	388339	2.6	
327.08741	10413298	53.2	387774	3.3	
327.09328	7363827	37.1	378578	2.3	
327.10855	12080375	62.1	374881	3.8	
328.05888	2560459	11.6	378143	0.8	
328.09077	2459090	11.0	395858	0.8	
328.09515	2405331	10.8	353001	0.8	
329.03028	11503266	59.0	376537	3.6	
329.05148	2632359	12.0	380250	0.8	
329.06667	11892394	61.1	373080	3.8	
329.08781	17782446	92.3	375717	5.6	
329.10304	9053874	46.0	381332	2.9	
329.12420	2680503	12.2	406493	0.9	
329.23333	4889295	23.9	390783	1.6	
330.05920	2907012	13.4	454040	0.9	
330.07013	2431366	10.9	373958	0.8	
330.07448	3855239	18.4	372012	1.2	
330.09111	2464651	11.1	409084	0.8	
330.09556	2459020	11.0	395064	0.8	
330.11080	2637711	12.0	377547	0.8	
331.06393	5451870	26.9	457131	1.7	
331.06706	90556512	478.4	369731	28.7	
331.06808	7219295	36.3	576302	2.3	
331.08233	18495586	96.1	372774	5.9	
331.10347	13920358	71.8	375986	4.4	
331.24903	2622598	11.9	437086	0.8	
332.07042	12093750	61.6	374693	3.8	
332.08563	4046138	19.3	354916	1.3	
332.09018	4829499	23.4	387818	1.5	
333.02520	4044290	19.3	380020	1.3	
333.06160	17672714	90.9	369048	5.6	
333.08271	6316558	31.2	374713	2.0	
333.09798	16038417	82.3	365895	5.1	
333.11914	4427286	21.3	393435	1.4	
334.06505	2930398	13.4	407340	0.9	
334.06935	3347167	15.6	364124	1.1	
334.10134	2424037	10.7	379626	0.8	
334.10579	3257062	15.1	330550	1.0	
335.04087	4284330	20.5	367233	1.4	
335.07723	16976818	87.3	366878	5.4	
335.09838	10730422	54.4	373389	3.4	
335.11365	7996346	40.0	387723	2.5	
336.08056	2638978	11.9	387582	0.8	
336.08508	3894403	18.5	386281	1.2	
337.05649	4584779	22.1	395364	1.5	
337.07170	2494286	11.1	379614	0.8	
337.09289	21564754	111.4	364036	6.8	
337.11403	8609111	43.3	369676	2.7	
337.12928	3060058	14.1	381484	1.0	
338.09622	3491359	16.4	390903	1.1	
338.10076	4513312	21.7	344880	1.4	
339.01459	2564825	11.5	367433	0.8	
339.05105	2706144	12.2	399762	0.9	
339.07215	10997476	55.8	375511	3.5	
339.08748	4009704	19.1	368370	1.3	
339.09329	16965352	87.2	356664	5.4	
339.10854	14708460	75.3	350094	4.7	
340.09671	2715058	12.3	354981	0.9	
340.11188	3064757	14.1	357040	1.0	
340.11642	2953142	13.5	352361	0.9	
341.06668	7559283	37.7	378551	2.4	
341.08781	17612920	90.6	362697	5.6	
341.10558	19714170	101.7	400776	6.3	
341.10893	315347072	1656.2	356858	100.0	
341.12417	4693119	22.7	362894	1.5	
342.07442	2996538	13.8	395240	1.0	
342.09119	2678078	12.1	385796	0.8	
342.09561	3458366	16.2	395392	1.1	
342.11228	40407360	210.5	362221	12.8	
342.11337	3404098	15.9	793778	1.1	
343.04596	4713977	22.6	373329	1.5	
343.06706	2804221	12.6	364463	0.9	
343.08232	13570560	68.7	348692	4.3	
343.10344	18457092	94.2	362013	5.9	
343.11316	7010822	34.5	358637	2.2	
343.11873	3272199	15.1	381531	1.0	
344.09020	4111044	19.4	359192	1.3	
344.10674	2719431	12.2	374615	0.9	
344.11124	2654920	11.8	384476	0.8	
345.06157	8897407	44.4	348189	2.8	
345.08272	7621508	37.7	341311	2.4	
345.09798	16896902	86.0	353704	5.4	
345.11911	6546315	32.1	363169	2.1	
345.22826	4171680	19.7	335940	1.3	
346.06936	4293697	20.4	367225	1.4	
346.10135	3405895	15.8	345413	1.1	
346.10584	3963976	18.7	348950	1.3	
347.07725	26973440	138.5	355342	8.6	
347.09836	13817093	70.0	361289	4.4	
347.11362	11277576	56.8	363859	3.6	
348.08059	4340159	20.6	367896	1.4	
348.08506	4878784	23.4	344359	1.5	
349.05651	6590070	32.3	348363	2.1	
349.09290	19977852	102.1	357474	6.3	
349.11402	9100929	45.4	364018	2.9	
349.12930	4099716	19.4	352052	1.3	
350.09620	3765048	17.6	369162	1.2	
350.10068	4705081	22.5	366543	1.5	
351.07214	9332717	46.6	364725	3.0	
351.08738	2705392	12.1	395101	0.9	
351.09333	5855217	28.5	373596	1.9	
351.10855	15943668	81.1	349174	5.1	
352.07991	2830503	12.7	386262	0.9	
352.11182	2613421	11.6	367555	0.8	
352.11633	3502254	16.2	343591	1.1	
353.06673	4134236	19.5	364054	1.3	
353.08782	16501088	84.0	348172	5.2	
353.10303	4039011	19.0	340063	1.3	
353.10892	11479396	57.8	349044	3.6	
353.12420	7332199	36.2	356715	2.3	
354.09119	2458647	10.8	332531	0.8	
354.09575	4172312	19.7	346580	1.3	
355.04587	2927300	13.1	348559	0.9	
355.06709	2757320	12.2	355832	0.9	
355.08233	11119307	55.4	354160	3.5	
355.10345	17709774	89.4	347314	5.6	
355.11879	4686546	22.2	388525	1.5	
355.12459	3844818	17.9	379455	1.2	
356.09025	2533249	11.1	409238	0.8	
356.10681	3298180	15.0	376263	1.0	
356.11127	3259268	14.8	358401	1.0	
357.06164	6229039	30.1	356107	2.0	
357.08268	6177843	29.9	370908	2.0	
357.09799	10861622	54.0	347041	3.4	
357.10385	7365687	36.0	349857	2.3	
357.11912	8199226	40.3	354982	2.6	
358.10585	3043562	13.7	350774	1.0	
359.07504	6813078	33.2	342340	2.2	
359.07726	12668311	63.4	346248	4.0	
359.09836	17931674	90.5	335225	5.7	
359.11365	8953245	44.2	365580	2.8	
359.11951	3617182	16.7	386737	1.1	
360.08054	2622025	11.5	334751	0.8	
360.08506	3890761	18.1	349824	1.2	
360.10164	2786892	12.4	385128	0.9	
360.10624	2484813	10.8	397342	0.8	
360.12148	2571856	11.3	361045	0.8	
361.05652	4040437	18.9	367527	1.3	
361.07196	2877176	12.9	322644	0.9	
361.07763	3829497	17.8	371039	1.2	
361.09289	18263804	92.2	341974	5.8	
361.11402	10575615	52.6	341932	3.4	
361.12927	4372226	20.6	349826	1.4	
362.09627	3408812	15.6	329974	1.1	
362.10069	3540909	16.3	332516	1.1	
363.07215	9343063	46.2	347217	3.0	
363.09329	6185051	29.9	355069	2.0	
363.10854	13889629	69.7	340645	4.4	
363.12959	2871393	12.8	352907	0.9	
364.07985	2994439	13.5	326555	0.9	
364.11638	3256589	14.8	391225	1.0	
365.08780	13828534	69.3	333209	4.4	
365.10894	13439418	67.3	339837	4.3	
365.12417	7526845	36.8	324163	2.4	
366.09113	2559589	11.2	361786	0.8	
366.09565	4416102	20.8	359128	1.4	
366.11243	2428520	10.5	345998	0.8	
367.06706	3010318	13.4	325487	1.0	
367.08233	6073105	29.0	336151	1.9	
367.10346	18760468	93.8	339995	5.9	
367.12460	6163224	29.5	350439	2.0	
367.13981	2914074	12.9	389118	0.9	
368.10676	3516354	16.0	367791	1.1	
368.11129	4178882	19.4	352248	1.3	
369.06154	3289190	14.8	371174	1.0	
369.08274	7595114	36.8	332585	2.4	
369.09796	7978093	38.8	327529	2.5	
369.10385	8989806	43.9	315926	2.9	
369.11909	11924592	58.9	329850	3.8	
370.10575	3090714	13.8	291098	1.0	
370.12244	2584861	11.2	409784	0.8	
371.04078	5309883	25.1	317142	1.7	
371.07725	9377217	45.9	329599	3.0	
371.09837	14390725	71.5	329917	4.6	
371.11361	9491912	46.5	338801	3.0	
371.11950	17446344	87.1	323350	5.5	
371.13472	4256203	19.8	348409	1.3	
372.08501	2834031	12.5	399487	0.9	
372.10168	2573425	11.2	327060	0.8	
372.10623	3876466	17.8	326945	1.2	
372.12289	2572917	11.2	278433	0.8	
373.05652	3997461	18.4	334986	1.3	
373.07766	3188505	14.3	320653	1.0	
373.09289	15144731	75.3	330565	4.8	
373.11402	13309727	66.0	322422	4.2	
373.12924	5709602	27.2	341018	1.8	
373.25967	2433848	10.4	366381	0.8	
374.09629	3484616	15.8	329725	1.1	
374.10067	4172744	19.3	352393	1.3	
375.07218	8986735	43.9	321609	2.8	
375.09331	7071859	34.1	342865	2.2	
375.10854	16775285	83.6	328251	5.3	
375.12967	5310585	25.1	357512	1.7	
375.14490	3211387	14.4	365857	1.0	
376.08001	4727068	22.2	344479	1.5	
376.11183	3334433	15.0	354808	1.1	
376.11635	3896610	17.9	367485	1.2	
377.05139	2589122	11.2	380469	0.8	
377.08370	2838984	12.5	355021	0.9	
377.08559	21621192	108.4	304289	6.9	
377.08782	35563976	179.5	316483	11.3	
377.10894	13748684	68.2	338317	4.4	
377.12419	12143055	60.0	323132	3.9	
378.08884	2398836	10.3	282814	0.8	
378.09116	6666869	32.1	338524	2.1	
378.09562	5220982	24.7	328770	1.7	
378.12745	2485883	10.7	366590	0.8	
379.06704	5344028	25.3	314021	1.7	
379.08258	7940895	38.6	330491	2.5	
379.10346	18180898	90.8	326743	5.8	
379.12460	9456422	46.3	331420	3.0	
379.13985	4120361	19.1	329290	1.3	
380.10678	3609551	16.4	360785	1.1	
380.11129	3546064	16.1	312327	1.1	
381.06156	2443891	10.4	326267	0.8	
381.08269	6818935	32.5	354923	2.2	
381.09799	6073466	28.7	361078	1.9	
381.10386	8203387	39.4	314804	2.6	
381.11910	14253181	70.0	320795	4.5	
383.07726	6591951	31.3	330464	2.1	
383.09838	14392786	70.7	328629	4.6	
383.11366	6833621	32.5	326336	2.2	
383.11952	25628118	127.4	327252	8.1	
383.13479	6761945	32.2	328371	2.1	
384.10625	2633345	11.3	348599	0.8	
384.12295	3854979	17.5	322255	1.2	
385.09289	12681003	62.0	325124	4.0	
385.11403	16482095	81.2	317357	5.2	
385.12923	6053682	28.6	333117	1.9	
385.13505	3160883	14.0	309532	1.0	
386.09625	2707418	11.7	343866	0.9	
386.10070	3742683	16.9	346264	1.2	
386.11735	3310557	14.7	322426	1.0	
386.12187	3526622	15.8	319254	1.1	
387.07218	5247108	24.5	317042	1.7	
387.09325	4292744	19.7	344514	1.4	
387.10856	13500554	66.2	317983	4.3	
387.11440	6428811	30.5	300692	2.0	
387.12967	8679566	41.8	322576	2.8	
388.11195	2648377	11.4	327448	0.8	
388.11644	2797882	12.2	346767	0.9	
389.08783	12132836	59.3	310120	3.8	
389.10897	10449384	50.8	324284	3.3	
389.12422	10596843	51.5	324735	3.4	
390.09114	2534037	10.8	372951	0.8	
390.09569	3567254	16.0	332616	1.1	
391.06710	5198657	24.3	343761	1.6	
391.10345	18355016	90.7	317478	5.8	
391.12458	9388875	45.4	305663	3.0	
391.13985	5460814	25.6	325203	1.7	
392.10673	3671033	16.6	350829	1.2	
392.11131	3939322	17.9	326828	1.2	
393.08272	9639079	46.7	312719	3.1	
393.09809	3304618	14.7	327825	1.0	
393.10386	8166571	39.2	315034	2.6	
393.11912	16479405	81.2	312918	5.2	
393.14021	3098801	13.7	344595	1.0	
394.09066	2950491	12.9	322092	0.9	
394.12251	3138913	13.9	317908	1.0	
394.12699	3030370	13.3	340254	1.0	
395.07727	3637772	16.2	299947	1.2	
395.09838	19256848	94.1	315015	6.1	
395.11366	4466195	20.3	332196	1.4	
395.11952	19322388	94.4	310437	6.1	
395.13481	8052247	38.2	316126	2.6	
396.10183	3284677	14.4	354481	1.0	
396.10621	4294342	19.5	299005	1.4	
396.12289	2879177	12.4	306007	0.9	
397.09289	7051129	33.2	303164	2.2	
397.09879	3605370	16.0	334543	1.1	
397.11403	15947645	77.6	313879	5.1	
397.12938	3274624	14.4	358774	1.0	
397.13515	7212929	34.0	328291	2.3	
397.15034	2446211	10.3	287185	0.8	
398.10082	2460721	10.3	332587	0.8	
398.11743	3882036	17.4	320054	1.2	
398.12186	4375605	19.9	297539	1.4	
399.07222	4315363	19.6	321078	1.4	
399.09342	4579559	20.9	312173	1.5	
399.10859	9763049	46.8	306844	3.1	
399.11443	16603370	80.9	314733	5.3	
399.12967	9410797	45.0	307358	3.0	
400.07988	2565533	10.8	346549	0.8	
400.11183	2470307	10.4	304292	0.8	
400.11652	2729379	11.7	258035	0.9	
401.05139	4614737	21.1	311347	1.5	
401.08782	9423447	45.1	308937	3.0	
401.10890	11647579	56.2	312170	3.7	
401.12422	15473246	75.2	309797	4.9	
401.13006	9443935	45.2	315898	3.0	
402.09567	2773780	11.9	363268	0.9	
402.12751	3539738	15.7	326519	1.1	
403.06691	2430922	10.2	352054	0.8	
403.10345	20913104	102.4	305904	6.6	
403.12458	12053461	58.2	304838	3.8	
403.13993	5077976	23.4	321236	1.6	
404.10462	5059727	23.3	287790	1.6	
404.10680	3235983	14.2	296118	1.0	
404.11124	3145872	13.7	313282	1.0	
405.08271	5293385	24.4	315610	1.7	
405.10382	3869005	17.3	331271	1.2	
405.11909	14118223	68.5	304119	4.5	
405.14026	4580692	20.9	320535	1.5	
405.15549	3269975	14.4	358398	1.0	
406.12245	2685456	11.4	331857	0.9	
406.12692	3619345	16.1	305126	1.1	
407.06190	2542277	10.7	323779	0.8	
407.09841	9256652	44.2	310061	2.9	
407.11948	8189649	38.9	294430	2.6	
407.13474	9146067	43.7	320184	2.9	
408.10607	3117968	13.6	299462	1.0	
409.09291	3909714	17.5	282565	1.2	
409.11404	12828758	62.0	298441	4.1	
409.13524	5269594	24.3	309317	1.7	
409.15039	3806301	17.0	272666	1.2	
410.11736	2739484	11.7	305460	0.9	
411.09330	7549407	35.3	296541	2.4	
411.10862	6269410	29.0	290429	2.0	
411.11441	10179042	48.3	299315	3.2	
411.12966	9286118	43.9	307906	2.9	
413.08780	5075824	23.1	318476	1.6	
413.10895	13169524	63.0	293327	4.2	
413.12430	6099832	28.1	288513	1.9	
413.13009	25453432	123.6	297311	8.1	
413.13172	2610041	10.9	522688	0.8	
413.14534	4416380	19.8	328148	1.4	
414.11231	2973761	12.7	335242	0.9	
414.11681	3618882	15.9	305117	1.1	
414.13341	4066373	18.1	333040	1.3	
415.10348	10323213	49.0	293920	3.3	
415.10932	5496078	25.2	281611	1.7	
415.12462	10355985	49.1	306770	3.3	
415.13985	5995797	27.6	331520	1.9	
416.11130	3007966	12.9	296745	1.0	
417.08271	4427434	19.9	307145	1.4	
417.10379	3168942	13.7	286525	1.0	
417.11913	11982513	57.2	290391	3.8	
417.12500	13186738	63.1	302078	4.2	
417.14024	4646582	21.0	306890	1.5	
417.15555	2458297	10.2	318781	0.8	
418.12244	2418565	10.0	325160	0.8	
418.12689	2884486	12.3	254921	0.9	
419.09833	10532948	50.0	291204	3.3	
419.11953	8411225	39.5	314415	2.7	
419.13478	10123356	48.0	299842	3.2	
419.17109	3819620	16.9	321502	1.2	
420.10620	3279149	14.2	282147	1.0	
420.13810	2993459	12.8	280759	0.9	
421.11405	15202822	73.0	295749	4.8	
421.13511	8935947	42.1	294345	2.8	
421.15042	5014030	22.8	297934	1.6	
422.11731	3257057	14.1	318600	1.0	
422.12196	3565282	15.6	277937	1.1	
423.09329	5282743	24.1	326685	1.7	
423.10856	4434875	19.9	311508	1.4	
423.11448	3954620	17.6	300139	1.3	
423.12966	15190975	73.0	288161	4.8	
423.15098	2600900	10.9	310419	0.8	
424.13295	3293341	14.3	296977	1.0	
424.13731	2643102	11.1	297052	0.8	
425.08781	4572530	20.6	286899	1.4	
425.10899	10313078	48.9	291217	3.3	
425.12427	5057914	23.0	282171	1.6	
425.13011	12033403	57.4	285725	3.8	
425.14533	6450559	29.9	297715	2.0	
427.10351	7333688	34.2	296048	2.3	
427.12461	11616060	55.3	304317	3.7	
427.13995	3137344	13.5	308151	1.0	
427.14574	4096833	18.2	290614	1.3	
428.11133	2844701	11.9	296646	0.9	
429.08271	4397308	19.5	311137	1.4	
429.10379	5292288	23.8	301164	1.7	
429.11911	8210692	38.1	281456	2.6	
429.12501	19255558	91.9	290726	6.1	
429.14025	6678793	30.6	302167	2.1	
430.12680	2616812	10.8	320605	0.8	
430.12846	3172845	13.5	331638	1.0	
431.09837	7144142	32.9	300079	2.3	
431.11951	14365395	68.1	290923	4.6	
431.12936	2627285	10.9	336809	0.8	
431.13478	38458072	185.4	287483	12.2	
431.13652	3277527	14.0	501662	1.0	
431.14063	16270039	77.3	284710	5.2	
432.12727	3960766	17.4	273824	1.3	
432.13809	9376705	43.7	295324	3.0	
433.11403	10892454	51.1	287311	3.5	
433.13508	6427819	29.4	280069	2.0	
433.15042	8455343	39.3	286435	2.7	
434.12193	3104149	13.2	264204	1.0	
435.09328	3549820	15.4	315854	1.1	
435.11450	4195969	18.5	314319	1.3	
435.12971	9991812	46.7	288723	3.2	
435.15090	2433674	9.9	323656	0.8	
435.16604	2416269	9.8	290521	0.8	
437.10893	6426720	29.4	279698	2.0	
437.12420	2690147	11.2	293085	0.9	
437.13013	6021221	27.4	285633	1.9	
437.14537	6498409	29.7	294207	2.1	
439.10346	4131396	18.2	331278	1.3	
439.12461	9075273	42.3	285005	2.9	
439.14571	5710415	25.9	287137	1.8	
439.16094	2493010	10.2	342366	0.8	
440.13240	2623296	10.8	270261	0.8	
441.10382	2948144	12.4	298944	0.9	
441.11919	4074547	17.9	317901	1.3	
441.12499	4883509	21.8	297160	1.5	
441.14021	6648889	30.4	304720	2.1	
443.09830	4490783	19.9	300146	1.4	
443.11953	5221924	23.5	294514	1.7	
443.13481	5019176	22.5	285384	1.6	
443.14062	11419177	53.7	279556	3.6	
445.11406	7626776	35.2	281884	2.4	
445.13520	6350878	29.0	298679	2.0	
445.15047	3091489	13.1	287467	1.0	
446.11734	2490646	10.2	298766	0.8	
446.12192	2478359	10.1	330310	0.8	
447.05706	3509764	14.9	309221	1.1	
447.09318	3563021	15.2	285746	1.1	
447.11452	3748371	16.1	300035	1.2	
447.12966	7217687	32.8	272579	2.3	
447.13559	20226584	95.3	278359	6.4	
447.15084	2568732	10.4	302086	0.8	
448.13909	2950936	12.3	328550	0.9	
449.10894	7664657	34.9	268621	2.4	
449.13008	13235222	61.7	281458	4.2	
449.14534	8315930	38.0	295161	2.6	
450.13352	2591001	10.5	310313	0.8	
450.13793	2407706	9.6	305328	0.8	
451.10349	3656211	15.6	255387	1.2	
451.12459	10659353	49.3	275735	3.4	
451.14575	5717535	25.6	273642	1.8	
451.16102	3868194	16.7	299177	1.2	
452.13234	2889503	12.0	308247	0.9	
453.10395	5990428	26.9	270903	1.9	
453.11910	5267488	23.4	290614	1.7	
453.12507	5593122	25.0	290816	1.8	
453.14030	8882213	40.8	278024	2.8	
454.14355	2767148	11.4	314569	0.9	
455.09825	4266536	18.6	271341	1.4	
455.11952	6582829	29.7	280695	2.1	
455.13479	5311025	23.6	259853	1.7	
455.14065	9849395	45.4	262510	3.1	
455.15580	4416055	19.3	269289	1.4	
457.11404	6200381	27.9	281172	2.0	
457.11985	3355711	14.2	268159	1.1	
457.13513	8506434	39.0	276206	2.7	
457.15041	4465735	19.5	275486	1.4	
457.15636	4469832	19.5	266060	1.4	
459.09327	2841165	11.7	273198	0.9	
459.11437	3333714	14.1	268349	1.1	
459.12965	8371799	38.3	269482	2.7	
459.13554	9727576	44.8	254970	3.1	
459.15085	5865052	26.3	276415	1.9	
460.13296	2969444	12.3	277702	0.9	
460.13736	2567013	10.4	359557	0.8	
461.07260	10879072	50.4	261328	3.4	
461.10893	6688874	30.2	271982	2.1	
461.13012	7075952	32.1	274706	2.2	
461.14535	6729844	30.4	279873	2.1	
461.15117	6908022	31.3	264997	2.2	
462.07578	2437487	9.8	324723	0.8	
463.06695	3407484	14.4	286904	1.1	
463.08827	2929282	12.1	252666	0.9	
463.10333	2464390	9.9	260003	0.8	
463.12461	9585291	44.1	258592	3.0	
463.14566	4792977	21.1	282616	1.5	
463.16098	4172437	18.1	277193	1.3	
464.12804	2919324	12.1	309144	0.9	
464.13238	3498910	14.9	262573	1.1	
465.10395	3763367	16.1	275762	1.2	
465.11918	2937003	12.2	250004	0.9	
465.12504	4744364	20.9	267053	1.5	
465.14029	8598704	39.4	263270	2.7	
466.14360	2589123	10.5	275586	0.8	
467.09837	2794185	11.3	261077	0.9	
467.11954	8484559	38.3	274441	2.7	
467.13473	3700435	15.6	279914	1.2	
467.14066	14116565	65.0	265405	4.5	
467.15596	5222105	22.8	271695	1.7	
468.14401	2770921	11.2	327063	0.9	
469.11400	4491509	19.4	274032	1.4	
469.13517	8255739	37.2	276325	2.6	
469.15042	3212543	13.3	254055	1.0	
469.15636	3724545	15.7	279292	1.2	
471.09326	2752282	11.1	270491	0.9	
471.12974	6474532	28.8	268859	2.1	
471.13556	6816550	30.4	275829	2.2	
471.15078	4608810	19.9	272272	1.5	
473.10897	4031820	17.2	287237	1.3	
473.13007	4975954	21.6	271233	1.6	
473.14533	6616407	29.4	267729	2.1	
473.15125	8568152	38.7	282085	2.7	
473.16644	2615644	10.5	294366	0.8	
475.12460	7556994	33.9	262034	2.4	
475.14580	5359496	23.5	254756	1.7	
475.16104	4251532	18.2	297920	1.3	
476.13253	2503837	9.9	303067	0.8	
477.10372	2878895	11.7	263642	0.9	
477.12486	2791861	11.3	267171	0.9	
477.14026	9527738	43.2	260146	3.0	
477.14610	6037947	26.7	243265	1.9	
477.16141	2983360	12.2	262126	0.9	
479.11954	6243306	27.6	260660	2.0	
479.13473	3181550	13.1	308231	1.0	
479.14061	5497840	24.1	267242	1.7	
479.15585	5610484	24.6	266614	1.8	
481.11412	4408865	18.9	269599	1.4	
481.13518	9348647	42.4	262750	3.0	
481.15037	3730987	15.7	276106	1.2	
481.15629	3868205	16.4	270488	1.2	
481.17167	2508338	9.9	276957	0.8	
481.22912	4089410	17.4	282206	1.3	
482.14309	2450247	9.7	256238	0.8	
483.09338	2733142	11.0	257468	0.9	
483.11442	3318876	13.8	291126	1.1	
483.12968	5480545	24.0	258477	1.7	
483.13550	5521506	24.2	275893	1.8	
483.15076	7178343	32.1	263022	2.3	
485.10894	3564184	14.9	262811	1.1	
485.13000	6136478	27.1	256843	1.9	
485.14515	5671586	24.9	241431	1.8	
485.15120	21121700	98.2	261351	6.7	
485.16643	5261993	23.0	262139	1.7	
486.15460	4424645	19.0	299386	1.4	
487.12463	6511836	28.9	258726	2.1	
487.14580	5979362	26.4	255639	1.9	
487.16089	3406054	14.2	239410	1.1	
487.16687	4160744	17.8	281844	1.3	
487.18214	20016364	92.9	256052	6.3	
488.18548	4627982	20.0	257823	1.5	
488.18990	2631183	10.5	284938	0.8	
489.14031	6324002	27.6	237577	2.0	
489.14613	8445731	37.5	253109	2.7	
489.16127	3231528	13.2	258193	1.0	
491.11957	5134687	22.0	276831	1.6	
491.14066	4208997	17.7	280878	1.3	
491.15586	4565353	19.4	263467	1.4	
491.16169	2807147	11.2	275095	0.9	
493.07769	2910103	11.6	269165	0.9	
493.13513	8131496	36.0	249297	2.6	
493.15630	3389358	13.9	211642	1.1	
493.17166	2957234	11.9	276137	0.9	
494.13853	2684107	10.6	259565	0.9	
495.11454	2687464	10.6	266048	0.9	
495.12969	4007404	16.8	243138	1.3	
495.13549	3251694	13.2	261978	1.0	
495.15076	5860850	25.4	269138	1.9	
497.13012	8063028	35.7	257380	2.6	
497.14538	4405304	18.6	265900	1.4	
497.15122	4563002	19.4	263276	1.4	
497.16641	3148862	12.8	257393	1.0	
499.12460	3715707	15.4	268794	1.2	
499.14578	5702273	24.7	264228	1.8	
499.16085	2896517	11.6	215304	0.9	
499.16680	3241607	13.2	272257	1.0	
501.14025	4869321	20.8	235019	1.5	
501.14620	7460043	32.9	251967	2.4	
501.16146	3935439	16.4	269230	1.2	
503.11961	3345165	13.7	235662	1.1	
503.14085	3144467	12.7	269878	1.0	
503.15583	3310360	13.5	189481	1.0	
503.16176	21061402	96.3	243573	6.7	
504.16516	4247616	17.9	278226	1.3	
505.13519	4499805	19.0	259031	1.4	
505.15631	3792227	15.7	255244	1.2	
505.17136	3039592	12.2	252127	1.0	
507.15075	4803501	20.5	253053	1.5	
509.12998	4072947	17.1	251609	1.3	
509.15109	3587578	14.8	258479	1.1	
509.16628	3190270	12.9	277473	1.0	
511.12469	2795582	11.1	276432	0.9	
511.13052	3116096	12.6	274722	1.0	
511.14570	5077061	21.7	251307	1.6	
511.16100	3518537	14.5	263887	1.1	
513.14021	3986064	16.4	244426	1.3	
513.14605	3081874	12.2	261279	1.0	
513.16138	4612758	19.3	243456	1.5	
515.14073	2970845	11.7	240668	0.9	
515.15581	3224801	12.9	254646	1.0	
515.16181	9002211	39.4	242746	2.9	
515.21342	16862450	75.6	240276	5.3	
516.21679	4488730	18.7	253862	1.4	
517.13507	3888936	15.9	254992	1.2	
517.15613	3983150	16.4	254096	1.3	
517.17155	2669362	10.3	229873	0.8	
517.17749	2687796	10.4	274680	0.9	
517.31710	2905949	11.4	274997	0.9	
519.13569	3125620	12.4	213627	1.0	
519.15083	5175673	21.8	247764	1.6	
519.15673	8028538	35.0	243453	2.5	
519.17199	2697599	10.5	244686	0.9	
521.12999	4072382	16.8	234967	1.3	
521.15121	5075909	21.4	237580	1.6	
521.16649	3867593	15.8	216370	1.2	
521.17236	7689163	33.4	245016	2.4	
523.12451	3196424	12.7	242749	1.0	
523.14575	6366734	27.3	237501	2.0	
523.16091	2714131	10.5	250844	0.9	
523.16691	3037717	12.0	243844	1.0	
525.14034	3524695	14.2	260375	1.1	
525.14617	3604569	14.6	266162	1.1	
525.16131	4755550	19.9	267137	1.5	
527.11955	2430107	9.2	216212	0.8	
527.14077	3567265	14.4	220007	1.1	
527.15588	3613350	14.7	257501	1.1	
527.16178	4399783	18.3	255305	1.4	
527.17712	2717356	10.5	265081	0.9	
529.13507	3470568	14.0	239300	1.1	
529.15630	4605167	19.2	245395	1.5	
529.17156	3344627	13.4	263286	1.1	
529.17738	2634997	10.2	236071	0.8	
531.15062	3755828	15.3	248914	1.2	
531.15673	3854134	15.8	251961	1.2	
533.15127	3073403	12.2	259170	1.0	
533.16633	3864959	15.8	212321	1.2	
533.17236	15753601	70.4	228690	5.0	
534.17580	2803364	10.9	260746	0.9	
535.14579	3982270	16.3	244744	1.3	
535.16101	2516930	9.6	227541	0.8	
535.16684	3235780	12.9	261461	1.0	
535.18208	2754505	10.7	239011	0.9	
537.14615	2944513	11.6	277537	0.9	
537.16147	3076614	12.2	226658	1.0	
539.14079	2738241	10.6	248369	0.9	
539.15584	3049542	12.0	234551	1.0	
539.16181	4309063	17.8	246224	1.4	
541.13527	3026559	11.8	255596	1.0	
541.15639	3682949	14.7	246382	1.2	
541.17169	2810506	10.8	254687	0.9	
543.15655	3765443	15.1	248956	1.2	
543.17208	2778311	10.6	239405	0.9	
545.15127	2597629	9.8	238074	0.8	
545.16644	3232513	12.7	241221	1.0	
545.17220	4730627	19.5	235876	1.5	
547.14573	2705717	10.3	226292	0.9	
547.15151	2496823	9.4	232041	0.8	
547.16659	2941243	11.4	264301	0.9	
549.16128	3089265	12.0	260117	1.0	
549.16712	3565427	14.2	238988	1.1	
551.14075	2491809	9.3	256839	0.8	
551.15607	2705829	10.3	238460	0.9	
551.16155	3422631	13.5	231438	1.1	
551.17684	2751915	10.5	230690	0.9	
553.13506	2547667	9.6	250902	0.8	
553.15604	3316697	13.1	223301	1.1	
553.17731	2843615	10.9	234970	0.9	
555.15092	2462217	9.2	288914	0.8	
555.15664	3793419	15.2	188774	1.2	
555.17187	3214863	12.6	254344	1.0	
557.15126	3739706	15.0	217606	1.2	
557.16630	3609662	14.4	206455	1.1	
557.17242	5071936	21.0	232036	1.6	
559.16698	2838125	10.9	235319	0.9	
561.16122	2955416	11.4	218098	0.9	
561.16718	5957786	25.0	228131	1.9	
563.17700	2920136	11.3	252962	0.9	
563.18280	3678921	14.7	234521	1.2	
565.15633	2642156	10.0	227922	0.8	
565.17733	3258609	12.8	245702	1.0	
567.15102	2575122	9.7	211817	0.8	
567.17213	2710296	10.3	248669	0.9	
569.16650	3041597	11.6	218923	1.0	
569.17211	3478847	13.5	209272	1.1	
571.14600	2443101	8.9	227822	0.8	
571.18217	3486567	13.6	224430	1.1	
571.18781	2757481	10.3	246890	0.9	
573.16132	2761094	10.3	243877	0.9	
573.16736	4117895	16.4	236930	1.3	
575.16181	3461033	13.5	236855	1.1	
575.18287	6911919	28.8	214615	2.2	
577.15600	3050953	11.6	185163	1.0	
577.17763	2693583	10.0	210997	0.9	
579.17174	3090414	11.8	218269	1.0	
579.17776	5227503	21.3	204379	1.7	
581.15139	2551303	9.4	243877	0.8	
581.17243	2560525	9.4	233508	0.8	
583.14581	2561060	9.4	242880	0.8	
583.18804	2659376	9.9	225684	0.8	
585.18251	2755148	10.3	212977	0.9	
587.16147	2702434	10.1	222898	0.9	
587.18290	4060264	16.1	235535	1.3	
589.17747	2596482	9.6	212461	0.8	
589.19843	2847368	10.7	197118	0.9	
591.17784	6951069	29.0	217854	2.2	
593.17215	3852981	15.2	222174	1.2	
593.19342	4567739	18.4	205627	1.4	
595.18793	2641106	9.8	216658	0.8	
597.16690	2694885	10.0	192714	0.9	
597.19761	2447085	8.9	212240	0.8	
599.18305	3602689	14.1	236612	1.1	
601.19834	2528029	9.3	251966	0.8	
603.17765	2458926	8.8	220003	0.8	
605.18783	2656071	9.7	192537	0.8	
605.19344	4583240	18.1	200981	1.5	
609.18828	3887986	15.0	214590	1.2	
611.18292	3603845	13.8	217515	1.1	
615.17166	2462124	8.8	186923	0.8	
617.19332	3108806	11.6	219822	1.0	
627.17812	2637351	9.6	203494	0.8	
629.19324	3150912	11.8	215124	1.0	
635.20419	2487938	8.9	217577	0.8	
647.20418	4473612	17.1	189686	1.4	
665.21483	3483152	12.9	205307	1.1	
683.22482	2627951	8.9	169207	0.8	
