m/z	I	S/N	Res.	I %	
143.10776	30727686	158.2	875951	2.1	
144.11112	5050901	24.3	891552	0.3	
149.04555	4939946	23.8	886861	0.3	
151.04007	9945870	49.8	846254	0.7	
152.01152	3049289	13.9	906753	0.2	
153.01934	6546828	32.1	864984	0.4	
153.05572	5009807	24.1	856826	0.3	
155.03498	2395944	10.5	988063	0.2	
157.05064	4678881	22.4	877223	0.3	
157.08703	3053541	13.9	886064	0.2	
157.12258	6124776	29.9	878806	0.4	
157.12341	70858984	367.3	794485	4.9	
158.12676	7844177	38.9	809107	0.5	
159.02990	4432822	21.1	800460	0.3	
159.06629	2828474	12.7	810709	0.2	
161.04531	2685615	12.0	1927325	0.2	
161.04555	31824558	163.8	787786	2.2	
162.03224	4007989	18.8	767020	0.3	
163.04007	4303303	20.4	842641	0.3	
163.06120	3002571	13.6	905975	0.2	
165.01933	5263104	25.3	802725	0.4	
165.04046	4571395	21.7	718341	0.3	
165.05572	8765701	43.4	780310	0.6	
166.02716	7450027	36.6	772471	0.5	
167.03499	16506463	83.3	759640	1.1	
169.01425	32657368	166.3	752134	2.2	
169.05063	4637663	21.9	804957	0.3	
169.08702	2663399	11.7	751039	0.2	
169.12339	3679726	17.0	841037	0.3	
171.02990	2637944	11.6	775259	0.2	
171.06626	3686016	17.0	726329	0.3	
171.10266	8026504	39.4	765008	0.6	
171.13709	13685135	68.5	653199	0.9	
171.13806	93020560	477.2	787068	6.4	
171.13905	1455153536	7494.4	727959	100.0	
172.14140	9390699	46.3	829970	0.6	
172.14241	148546160	761.0	725876	10.2	
172.14532	3326572	15.1	719047	0.2	
172.95792	2962724	13.2	790557	0.2	
173.04554	5679928	27.2	749614	0.4	
173.08191	3765056	17.4	781270	0.3	
173.11832	4580681	21.5	771683	0.3	
173.14330	6557518	31.7	765498	0.5	
173.14576	8544079	41.9	722398	0.6	
175.02480	2744077	12.1	759938	0.2	
175.06121	4131606	19.2	748471	0.3	
175.09758	2536991	11.0	785692	0.2	
176.01151	3451905	15.7	824911	0.2	
177.01933	13283074	66.0	697442	0.9	
177.04046	17053448	85.3	711085	1.2	
177.05571	13371148	66.5	719660	0.9	
177.09210	2517013	10.9	711418	0.2	
178.05905	2432019	10.4	860847	0.2	
178.99859	7429392	35.9	730283	0.5	
179.03498	13234458	65.6	703692	0.9	
179.05503	6382880	30.6	784219	0.4	
179.05611	106866976	543.5	694836	7.3	
180.05946	6052405	28.9	739099	0.4	
181.01424	7197508	34.6	707751	0.5	
181.05063	36166476	182.0	692222	2.5	
181.07177	2985300	13.2	793154	0.2	
182.02203	2914151	12.9	678011	0.2	
182.05399	4000881	18.4	664047	0.3	
183.02990	8109458	39.3	680250	0.6	
183.06628	4850077	22.7	703770	0.3	
185.02777	6186997	29.4	689752	0.4	
185.04555	6915067	33.1	706013	0.5	
185.08193	3433990	15.4	749190	0.2	
185.11831	3395602	15.2	757155	0.2	
185.15471	8338461	40.3	707718	0.6	
187.04194	3283063	14.7	696027	0.2	
187.06120	5269117	24.7	656197	0.4	
187.09758	7755401	37.3	689755	0.5	
187.13396	2891413	12.7	696681	0.2	
189.04047	3303180	14.7	726873	0.2	
189.05572	3052817	13.5	767980	0.2	
189.05760	2612242	11.2	640267	0.2	
189.07684	6292760	29.8	688179	0.4	
191.03498	13885367	67.9	663189	1.0	
191.05485	4775870	22.1	800036	0.3	
191.05611	87095232	436.5	657833	6.0	
191.07138	4787140	22.1	674034	0.3	
192.04281	3330329	14.8	734803	0.2	
192.05947	6851871	32.5	678871	0.5	
193.01425	4034163	18.3	719747	0.3	
193.03539	3197051	14.1	767677	0.2	
193.05063	39287424	195.8	651658	2.7	
194.05398	4997099	23.2	677707	0.3	
195.02989	11332946	54.9	644943	0.8	
195.05102	14329178	69.9	641199	1.0	
195.06628	17628512	86.5	657448	1.2	
195.13904	3916154	17.7	677342	0.3	
197.04420	8525894	40.8	664433	0.6	
197.04554	164102208	821.2	634029	11.3	
197.08194	2901588	12.6	724310	0.2	
197.15470	6101104	28.6	705971	0.4	
198.04890	16251334	79.5	647264	1.1	
199.06119	8237903	39.2	672604	0.6	
199.13398	3652971	16.3	680740	0.3	
199.16766	7098233	33.5	590040	0.5	
199.16898	47039352	233.1	674807	3.2	
199.17035	896140160	4475.8	624474	61.6	
200.17232	5933316	27.7	728702	0.4	
200.17371	112575752	560.5	624694	7.7	
200.17664	3390213	15.0	677585	0.2	
201.04047	5699165	26.5	674878	0.4	
201.07685	3062379	13.3	627191	0.2	
201.11323	4665978	21.3	656123	0.3	
201.17461	3955347	17.8	687828	0.3	
201.17707	6108820	28.6	657354	0.4	
202.94141	6639965	31.1	672176	0.5	
203.05611	9068940	43.2	628720	0.6	
203.07135	2698642	11.5	644316	0.2	
203.09248	3493275	15.4	638709	0.2	
205.03537	11947197	57.5	594529	0.8	
205.05063	9026756	43.0	628797	0.6	
205.05249	7327941	34.5	628556	0.5	
205.07176	6512845	30.4	623314	0.4	
207.02988	7143431	33.4	642260	0.5	
207.05102	9656335	45.9	618093	0.7	
207.06628	22265878	108.4	616251	1.5	
207.08739	5047327	23.0	654990	0.3	
209.04554	20763496	100.9	610019	1.4	
209.06667	7528306	35.3	620851	0.5	
209.08192	5437304	25.0	604645	0.4	
209.15471	4244376	19.1	627845	0.3	
210.04891	2424093	10.0	557368	0.2	
211.02482	4409034	19.8	631888	0.3	
211.06119	18597594	89.8	605833	1.3	
211.09517	5086953	23.1	647328	0.3	
211.09759	3240682	14.0	667705	0.2	
211.17038	2464010	10.2	666503	0.2	
213.04046	7216714	33.6	610713	0.5	
213.07684	6274650	29.0	618184	0.4	
213.14963	2910842	12.4	663763	0.2	
213.18601	7574155	35.4	603867	0.5	
215.03278	10608076	50.1	618554	0.7	
215.05611	16604631	79.6	590501	1.1	
215.09248	3534824	15.4	655101	0.2	
215.12888	10345976	48.9	587052	0.7	
215.16526	3045897	13.0	615727	0.2	
217.02984	4265311	19.0	580264	0.3	
217.05064	4253032	18.9	646152	0.3	
217.07175	8474994	39.7	594509	0.6	
217.10814	3737475	16.4	619291	0.3	
219.02990	5015806	22.7	595641	0.3	
219.05102	10110215	47.7	584194	0.7	
219.06628	7705871	35.9	579161	0.5	
219.08742	3366681	14.6	606451	0.2	
221.00916	10952862	51.6	596219	0.8	
221.04554	15530159	74.0	570475	1.1	
221.06667	42002616	203.4	575460	2.9	
221.08192	5884097	26.8	575029	0.4	
222.07003	4391572	19.5	630603	0.3	
222.98844	3156553	13.5	574658	0.2	
223.02480	6595674	30.3	598286	0.5	
223.04196	2682979	11.1	643460	0.2	
223.06119	17964140	85.9	579417	1.2	
223.09761	2998397	12.7	608195	0.2	
223.17033	4238496	18.7	606850	0.3	
225.04046	18587680	88.5	572116	1.3	
225.07683	15245361	72.2	555334	1.0	
225.11082	11411522	53.6	581783	0.8	
225.11324	2826819	11.8	610957	0.2	
225.14961	2585173	10.6	621961	0.2	
225.18600	12869734	60.7	571966	0.9	
227.05611	11744238	55.2	579436	0.8	
227.09249	4822016	21.5	589639	0.3	
227.12889	3506194	15.1	613104	0.2	
227.20165	87209016	422.4	553484	6.0	
228.20501	13680157	64.6	560728	0.9	
229.05061	2576827	10.5	536293	0.2	
229.07176	13866949	65.2	548065	1.0	
229.09765	4964306	22.1	607525	0.3	
229.14454	3306473	14.0	553654	0.2	
231.05102	7570321	34.7	583187	0.5	
231.06626	3503000	15.0	628742	0.2	
231.08741	5165987	23.0	573011	0.4	
232.92468	14251822	67.0	536093	1.0	
233.04555	9647978	44.7	562339	0.7	
233.06620	2711412	11.1	1011784	0.2	
233.06668	23015284	109.5	558100	1.6	
233.08192	5054332	22.5	553535	0.3	
234.07004	2473830	9.9	609358	0.2	
235.02482	8082241	37.0	564257	0.6	
235.06120	12270419	57.1	540008	0.8	
235.08233	9571166	44.1	532259	0.7	
235.09758	2866021	11.8	566761	0.2	
236.10539	3038556	12.7	626223	0.2	
237.00410	3158813	13.2	525706	0.2	
237.04046	9127727	42.0	580141	0.6	
237.06159	21514042	101.6	544469	1.5	
237.07685	13223745	61.7	546052	0.9	
237.18601	2517367	10.1	635017	0.2	
239.01972	8680206	39.8	556499	0.6	
239.05560	2853664	11.8	929313	0.2	
239.05611	23825184	112.8	540146	1.6	
239.07724	6120235	27.5	578080	0.4	
239.09250	5687091	25.4	587988	0.4	
239.12648	10036035	46.4	550240	0.7	
239.12885	3219781	13.5	589877	0.2	
239.20164	6490985	29.3	575490	0.4	
240.05947	2787608	11.4	470160	0.2	
241.03540	4646658	20.3	543633	0.3	
241.07175	19664660	92.2	538122	1.4	
241.10814	2821927	11.5	576463	0.2	
241.14455	3585849	15.2	598489	0.2	
241.21730	17850206	83.5	531756	1.2	
242.22067	3782999	16.1	521038	0.3	
243.05104	6156025	27.5	550511	0.4	
243.08742	7297803	33.0	559525	0.5	
243.12381	4271902	18.5	544087	0.3	
245.04554	4156134	17.9	536058	0.3	
245.06668	13125361	60.9	525293	0.9	
245.13946	3859221	16.4	555241	0.3	
247.02481	9360076	42.6	519951	0.6	
247.06118	9503454	43.3	537483	0.7	
247.06304	2568927	10.3	510719	0.2	
247.08233	13556457	62.6	512265	0.9	
249.03222	10952384	50.2	527103	0.8	
249.04048	8640196	39.2	539823	0.6	
249.06159	21409486	100.0	519335	1.5	
249.07684	10946262	50.2	507241	0.8	
251.05612	21512890	100.5	508983	1.5	
251.07724	73835208	349.7	509370	5.1	
251.09249	7785165	34.9	503645	0.5	
252.05943	2688179	10.7	595061	0.2	
252.08059	7818430	35.0	516361	0.5	
253.03536	6059677	26.7	507599	0.4	
253.07176	18110126	83.8	517796	1.2	
253.10810	3093697	12.7	497394	0.2	
253.14213	14710482	67.7	516344	1.0	
253.21730	123561720	583.1	497143	8.5	
254.07512	2579110	10.2	503099	0.2	
254.14553	2424521	9.5	500913	0.2	
254.22066	20592878	95.5	497316	1.4	
255.05102	10085006	45.8	488709	0.7	
255.07215	3175065	13.0	538989	0.2	
255.08742	10572449	48.1	501204	0.7	
255.23295	159574768	753.6	493169	11.0	
256.23631	27856094	129.9	498686	1.9	
256.23690	2880735	11.6	1040488	0.2	
257.06667	16035453	73.9	501089	1.1	
257.08196	3464836	14.4	513701	0.2	
257.10306	4167311	17.7	545973	0.3	
257.17582	2514099	9.9	581728	0.2	
259.04353	2578515	10.1	581025	0.2	
259.04595	3084884	12.5	510613	0.2	
259.06120	6427228	28.3	499873	0.4	
259.08232	14295654	65.3	513671	1.0	
261.00407	3542556	14.7	512990	0.2	
261.04048	5145134	22.2	488047	0.4	
261.06160	5116472	22.1	507586	0.4	
261.07685	7259712	32.2	513377	0.5	
261.09791	3428938	14.1	592470	0.2	
261.13436	4876892	21.0	524076	0.3	
263.01973	3914234	16.4	564045	0.3	
263.05551	2800139	11.2	738543	0.2	
263.05612	14613004	66.8	508267	1.0	
263.07725	22694422	104.8	487143	1.6	
263.09249	6513182	28.7	527518	0.4	
264.05947	2494454	9.7	539204	0.2	
264.99900	7644607	33.7	506398	0.5	
265.03537	10302929	46.2	497986	0.7	
265.07177	17526242	79.9	490630	1.2	
265.09289	7923181	35.1	468052	0.5	
265.10815	3516916	14.5	554684	0.2	
265.14727	8404487	37.3	920565	0.6	
265.14790	93945352	437.2	481096	6.5	
265.15064	2765321	10.9	625087	0.2	
266.15126	13082606	59.2	506041	0.9	
267.05103	22626720	103.8	489953	1.6	
267.05167	2847136	11.3	959950	0.2	
267.07216	27124138	124.8	485865	1.9	
267.07279	2535851	9.9	1000056	0.2	
267.08742	13955506	63.2	487916	1.0	
267.14372	3619277	14.9	484810	0.2	
267.15778	5038548	21.6	513613	0.3	
267.16017	4337109	18.3	503478	0.3	
267.23295	4942328	21.1	487229	0.3	
268.05437	3497858	14.4	474843	0.2	
269.03029	7986517	35.3	497127	0.5	
269.06668	27575654	126.9	478353	1.9	
269.08782	11728241	52.8	484811	0.8	
269.10306	5233016	22.5	464086	0.4	
269.13704	5520776	23.8	515061	0.4	
269.13945	3867017	16.1	547390	0.3	
269.21222	5750188	24.9	489803	0.4	
269.24859	7984573	35.3	494778	0.5	
270.07003	4287300	18.0	510812	0.3	
271.04593	17234194	78.0	473807	1.2	
271.06117	4379929	18.3	522003	0.3	
271.08234	15993123	72.3	475779	1.1	
271.09759	16054570	72.6	471004	1.1	
271.11872	2567989	9.9	471704	0.2	
271.15509	3510598	14.3	496801	0.2	
271.22787	8458600	37.3	499879	0.6	
273.04047	2962619	11.8	495010	0.2	
273.05910	2465988	9.5	491231	0.2	
273.06158	5534917	23.7	510962	0.4	
273.07684	8273100	36.4	485704	0.6	
273.09799	4880598	20.7	514056	0.3	
275.05614	5754979	24.7	516513	0.4	
275.07725	13017196	58.4	466307	0.9	
275.09250	6135923	26.5	463327	0.4	
275.15004	2881678	11.4	522766	0.2	
277.03539	9864173	43.8	463188	0.7	
277.07177	11826174	52.9	468802	0.8	
277.07367	4356095	18.2	442822	0.3	
277.09289	18744328	85.0	467454	1.3	
277.10816	3084302	12.3	435391	0.2	
277.14453	5979167	25.8	477948	0.4	
278.09624	2764238	10.8	426097	0.2	
279.01462	2947948	11.6	556974	0.2	
279.05102	10430332	46.1	468746	0.7	
279.07215	6680453	28.8	473996	0.5	
279.08741	12568460	56.0	466508	0.9	
279.16354	2549678	9.8	388481	0.2	
279.23296	17835982	80.3	461146	1.2	
280.05441	2619196	10.1	502248	0.2	
280.23633	2494861	9.5	552418	0.2	
281.03031	3177197	12.7	493939	0.2	
281.06669	16157437	72.5	463027	1.1	
281.08712	5638918	24.0	872978	0.4	
281.08781	53648132	245.4	459204	3.7	
281.10306	7609101	33.1	500438	0.5	
281.17345	8205100	35.8	472913	0.6	
281.24861	25959244	117.7	457467	1.8	
282.09116	5897407	25.2	450501	0.4	
282.25194	4508934	18.8	492973	0.3	
283.04595	7915103	34.5	470867	0.5	
283.08234	15797871	70.9	453129	1.1	
283.11876	2760319	10.7	484416	0.2	
283.15267	9772686	43.1	453994	0.7	
283.26426	17628862	79.3	454494	1.2	
284.26759	3916911	16.1	480346	0.3	
285.06160	11432386	50.7	455411	0.8	
285.07686	3751369	15.3	478682	0.3	
285.09796	9730514	42.9	469500	0.7	
285.20717	4356609	18.1	483347	0.3	
287.05393	5134604	21.5	458691	0.4	
287.05612	4344077	17.9	503081	0.3	
287.07725	29697302	134.2	444510	2.0	
287.09252	4546844	18.9	497900	0.3	
287.11362	2556197	9.7	576769	0.2	
287.15004	4315444	17.8	485971	0.3	
288.08063	4456119	18.4	399582	0.3	
289.03540	3435584	13.8	484623	0.2	
289.05104	2484294	9.4	375271	0.2	
289.05649	2828360	11.0	454746	0.2	
289.07178	9736270	42.6	448075	0.7	
289.09290	10094679	44.3	466465	0.7	
289.16567	5431413	22.9	453466	0.4	
291.01464	5245794	22.1	474604	0.4	
291.05103	7293809	31.4	462936	0.5	
291.07216	5780345	24.5	458022	0.4	
291.07917	11230076	49.5	455703	0.8	
291.08740	8936319	39.0	447300	0.6	
291.08841	2985343	11.7	371854	0.2	
291.19996	2567084	9.8	466608	0.2	
292.89146	10045003	44.1	448267	0.7	
293.03027	6798978	29.2	464474	0.5	
293.06669	11599504	51.2	445170	0.8	
293.08782	18677400	83.6	450800	1.3	
293.10306	7032478	30.2	437483	0.5	
293.17585	14581435	64.9	430982	1.0	
293.17842	3649212	14.7	922001	0.3	
293.17921	36081340	163.5	436684	2.5	
293.21223	13479625	59.8	434589	0.9	
293.89103	2562002	9.7	483137	0.2	
294.17924	2982978	11.6	473665	0.2	
294.18258	4997188	20.8	430121	0.3	
294.21563	2755152	10.6	399097	0.2	
295.00952	3545475	14.2	459343	0.2	
295.04593	7332241	31.4	461929	0.5	
295.08232	17924510	79.7	441180	1.2	
295.10346	18260390	81.3	444939	1.3	
295.11871	4790701	19.8	430520	0.3	
295.22787	3346903	13.3	480773	0.2	
297.06161	9960591	43.4	440992	0.7	
297.08270	6218903	26.3	425667	0.4	
297.09798	13202589	58.2	426109	0.9	
297.15298	8074418	34.8	444187	0.6	
297.24275	3648723	14.6	833292	0.3	
297.24353	35189972	158.4	435474	2.4	
297.24432	3486932	13.9	877195	0.2	
298.10128	2653716	10.1	490186	0.2	
298.24689	7073354	30.2	416687	0.5	
299.00549	3514211	14.0	474402	0.2	
299.05609	2596726	9.8	473956	0.2	
299.07724	12924797	56.9	435179	0.9	
299.09251	4829059	20.0	463456	0.3	
299.09840	3257221	12.8	523360	0.2	
299.11360	5343115	22.4	432854	0.4	
299.14763	2685847	10.2	440858	0.2	
300.99562	10148409	44.3	479833	0.7	
300.99899	220772928	1004.5	424168	15.2	
301.05651	6666831	28.4	429683	0.5	
301.07177	13335124	58.8	428098	0.9	
301.09291	11688540	51.3	433220	0.8	
301.10815	11741793	51.5	431612	0.8	
302.00150	2798498	10.7	926580	0.2	
302.00235	32619426	146.7	422861	2.2	
302.07523	2566588	9.7	429458	0.2	
303.00326	2776326	10.6	439469	0.2	
303.05102	6657303	28.2	402135	0.5	
303.07216	10399006	45.1	438211	0.7	
303.08742	11308323	49.2	433001	0.8	
303.10856	3855659	15.5	440100	0.3	
303.18133	3344709	13.2	445913	0.2	
305.03036	3011531	11.6	483607	0.2	
305.06666	9236439	39.8	413559	0.6	
305.08696	5062622	20.9	937002	0.3	
305.08781	58032096	260.9	418711	4.0	
305.10306	6588388	27.8	416196	0.5	
305.16064	2462712	9.2	451277	0.2	
306.09119	7549240	32.2	444007	0.5	
307.04595	14955132	65.8	432505	1.0	
307.08233	15295113	67.3	422739	1.1	
307.10345	10465936	45.4	417622	0.7	
307.11870	3288725	12.9	435726	0.2	
307.17616	4139689	16.7	463384	0.3	
307.19146	2896558	11.1	438443	0.2	
309.06161	11334944	49.3	424509	0.8	
309.08273	6350119	26.8	415249	0.4	
309.09799	12813612	56.0	418755	0.9	
309.11912	4852019	20.0	424390	0.3	
309.17078	7314756	31.1	378367	0.5	
309.17328	5920069	24.8	709420	0.4	
309.17413	59360580	266.9	410905	4.1	
309.17499	4846918	20.0	729244	0.3	
309.20473	12842319	56.2	421698	0.9	
310.10130	2793079	10.6	451454	0.2	
310.17750	8689296	37.4	428869	0.6	
310.20816	3019418	11.7	378862	0.2	
311.04083	6082474	25.5	413606	0.4	
311.07724	26568630	118.4	411063	1.8	
311.09252	4385723	17.9	428352	0.3	
311.09837	18827196	83.3	417381	1.3	
311.11363	7165890	30.5	429809	0.5	
311.14765	2752972	10.5	384065	0.2	
311.16864	24963028	111.1	408109	1.7	
311.18395	4435928	18.1	441521	0.3	
311.22280	16898020	74.5	425511	1.2	
312.08063	4523258	18.4	439323	0.3	
312.17197	5070103	20.8	400031	0.3	
312.22616	4609321	18.7	420454	0.3	
313.05651	5573170	23.1	422558	0.4	
313.07173	4064823	16.3	418124	0.3	
313.09289	14744125	64.4	421539	1.0	
313.12930	3588681	14.2	408803	0.2	
313.23844	10426988	44.9	419411	0.7	
315.01464	17849498	78.3	408962	1.2	
315.05104	3368102	13.2	438686	0.2	
315.07216	15596717	68.2	409373	1.1	
315.08741	9915569	42.6	416583	0.7	
315.10854	9301176	39.9	404343	0.6	
315.18131	8119503	34.5	426859	0.6	
316.01799	3389906	13.3	465205	0.2	
316.07545	3333604	13.0	416276	0.2	
317.06444	5568275	23.1	411628	0.4	
317.06669	12910356	56.1	405655	0.9	
317.08780	8716058	37.2	413784	0.6	
317.10306	7583519	32.1	429309	0.5	
318.07001	2936901	11.2	399650	0.2	
319.04594	14238058	62.1	404908	1.0	
319.08235	13021557	56.6	407186	0.9	
319.10344	8485244	36.2	406187	0.6	
319.11869	5042560	20.7	362325	0.3	
320.08567	2750112	10.4	405150	0.2	
321.02529	2464181	9.1	403381	0.2	
321.06160	9733056	41.8	404483	0.7	
321.08271	12280774	53.3	407302	0.8	
321.09797	12059594	52.3	386944	0.8	
321.11918	2686929	10.1	435305	0.2	
321.21048	2912235	11.1	425356	0.2	
323.04085	15664639	68.0	414243	1.1	
323.05388	3166722	12.2	400785	0.2	
323.07723	16270857	70.7	399910	1.1	
323.09448	6047246	25.0	443406	0.4	
323.09838	138794512	618.4	391679	9.5	
323.11361	8263188	34.9	396506	0.6	
323.13473	3773978	14.9	428973	0.3	
323.17117	3499556	13.6	456445	0.2	
323.25919	6846014	28.6	387306	0.5	
324.04424	2955038	11.2	395539	0.2	
324.08056	3348264	13.0	408394	0.2	
324.10171	18024238	78.6	393440	1.2	
324.99902	2537517	9.3	452722	0.2	
325.05650	7673917	32.3	399577	0.5	
325.07177	2644545	9.8	372553	0.2	
325.07766	3544131	13.8	415657	0.2	
325.09289	18913350	82.5	390770	1.3	
325.10261	2528330	9.3	432638	0.2	
325.11403	6324301	26.3	417000	0.4	
325.12926	4507729	18.1	386713	0.3	
325.18428	23566432	103.3	393429	1.6	
326.09616	3182944	12.2	393506	0.2	
326.18766	5497210	22.6	399412	0.4	
327.07217	9046639	38.4	401139	0.6	
327.08742	9796212	41.8	415387	0.7	
327.09328	4227702	16.9	418755	0.3	
327.10853	10246778	43.8	405848	0.7	
327.21770	7142040	29.9	419653	0.5	
328.22099	2485164	9.1	425536	0.2	
329.03035	3564680	13.9	439169	0.2	
329.06667	5397650	22.1	404912	0.4	
329.08781	15363224	66.7	384277	1.1	
329.10308	6227100	25.8	409780	0.4	
329.12423	4027554	16.0	430690	0.3	
329.13944	3926182	15.5	400084	0.3	
329.23335	34249920	151.1	389081	2.4	
330.23671	5983694	24.7	421495	0.4	
331.04591	3910310	15.5	389917	0.3	
331.06707	39214764	173.3	383543	2.7	
331.08233	11706031	50.3	381590	0.8	
331.10347	11026101	47.3	399301	0.8	
331.11872	11738809	50.5	370863	0.8	
331.24899	20709084	90.6	390888	1.4	
332.07043	5871542	24.1	419639	0.4	
332.25242	4370406	17.4	391438	0.3	
333.02522	2860208	10.7	423018	0.2	
333.06159	14827706	63.8	396922	1.0	
333.08272	5267647	21.4	400834	0.4	
333.09799	12574915	53.8	392590	0.9	
333.11914	4585673	18.3	411844	0.3	
333.12611	5120203	20.7	381170	0.4	
333.19189	4888796	19.7	418030	0.3	
334.06496	3077567	11.7	417025	0.2	
335.04085	8364730	35.1	388153	0.6	
335.07722	12927684	55.4	379897	0.9	
335.09838	9614025	40.7	392755	0.7	
335.11363	6703821	27.7	403766	0.5	
335.17113	8198876	34.4	377141	0.6	
335.20752	8104677	34.0	403797	0.6	
337.02010	4967602	20.0	378390	0.3	
337.05651	7505083	31.3	359514	0.5	
337.09290	16581828	71.6	387778	1.1	
337.11403	9032905	38.1	390838	0.6	
337.12922	3862733	15.1	404717	0.3	
337.20542	17265888	74.6	388909	1.2	
337.23602	22258920	96.8	384873	1.5	
337.23842	2599145	9.5	287994	0.2	
338.09622	3938752	15.5	375176	0.3	
338.20876	3933660	15.4	383481	0.3	
338.23938	4197860	16.6	397547	0.3	
339.07217	13432499	57.6	384363	0.9	
339.09329	12781240	54.7	382874	0.9	
339.10855	11114172	47.3	384330	0.8	
339.19994	11908818	50.8	377342	0.8	
339.25410	14993120	64.5	378703	1.0	
340.20331	2928586	11.0	399860	0.2	
340.25747	3855319	15.1	392582	0.3	
341.06449	7317660	30.5	385235	0.5	
341.06675	2891421	10.8	316048	0.2	
341.08784	15648930	67.4	375378	1.1	
341.10456	8751270	36.8	437135	0.6	
341.10894	204466336	905.3	375141	14.1	
341.12417	4702379	18.9	399674	0.3	
341.13947	3146926	12.0	465206	0.2	
341.26984	2490574	9.0	456185	0.2	
342.09116	2754965	10.2	405731	0.2	
342.11121	2574746	9.4	812299	0.2	
342.11229	27773338	121.2	376447	1.9	
342.11339	3049882	11.5	1075592	0.2	
343.06712	3687040	14.2	405085	0.3	
343.08234	6238851	25.5	406858	0.4	
343.10347	11217544	47.4	383778	0.8	
343.11318	3717771	14.4	406750	0.3	
343.11873	3693196	14.3	381867	0.3	
343.21264	3696290	14.3	370132	0.3	
344.10683	2971512	11.1	349384	0.2	
344.98884	11643976	49.3	377994	0.8	
345.00596	2619468	9.5	390914	0.2	
345.06157	6413401	26.2	373802	0.4	
345.08272	6358110	26.0	377152	0.4	
345.09800	11574370	49.0	391818	0.8	
345.11914	4961383	19.8	406677	0.3	
345.22826	17869952	76.7	376999	1.2	
346.10130	2988365	11.2	386563	0.2	
346.23164	4255084	16.7	427292	0.3	
347.04080	2873896	10.7	398727	0.2	
347.07724	24620592	106.4	371997	1.7	
347.09834	9702965	40.7	388113	0.7	
347.11362	7888441	32.7	360769	0.5	
348.08055	5203737	20.9	390047	0.4	
349.05654	5529592	22.3	393199	0.4	
349.09288	13119488	55.8	366739	0.9	
349.09485	5343233	21.5	375768	0.4	
349.11405	8572933	35.7	379623	0.6	
349.12928	4430857	17.5	355628	0.3	
351.03581	4680121	18.6	374069	0.3	
351.07216	11239873	47.5	374590	0.8	
351.09333	3948998	15.4	424353	0.3	
351.10856	11211209	47.4	368100	0.8	
351.12966	3456462	13.2	410347	0.2	
351.20243	9556447	40.1	377585	0.7	
353.03038	3144567	11.8	375295	0.2	
353.05143	4635516	18.4	388209	0.3	
353.08780	15360900	65.6	375257	1.1	
353.10307	2937735	10.9	376463	0.2	
353.10897	9868169	41.4	377709	0.7	
353.12421	6857612	28.2	377882	0.5	
353.20034	38106012	165.8	365927	2.6	
354.20369	6354043	26.0	372764	0.4	
355.06719	4265272	16.6	368144	0.3	
355.08236	4689212	18.5	404523	0.3	
355.10347	12416320	52.2	350938	0.9	
355.11872	3600708	13.7	389152	0.2	
355.12455	3793221	14.6	374045	0.3	
355.24905	8717664	36.1	371059	0.6	
357.06163	2946794	10.9	392789	0.2	
357.08269	6774511	27.6	371703	0.5	
357.09801	8040178	33.1	357424	0.6	
357.10386	5361396	21.4	372321	0.4	
357.11910	7487223	30.7	371764	0.5	
357.13436	2642682	9.5	372276	0.2	
357.26465	13494038	56.9	359500	0.9	
358.26810	3138542	11.7	400014	0.2	
359.02161	8038544	33.1	353742	0.6	
359.07506	16607387	70.5	352887	1.1	
359.07726	9459867	39.3	353927	0.7	
359.09838	14657696	62.0	359094	1.0	
359.11363	6279331	25.4	384866	0.4	
359.11949	5165221	20.6	373179	0.4	
359.15004	4618411	18.2	375178	0.3	
360.07844	2799985	10.2	388508	0.2	
360.10176	2649462	9.6	381377	0.2	
361.05652	3928640	15.2	393619	0.3	
361.07206	5704259	22.9	342863	0.4	
361.07765	5137988	20.4	333991	0.4	
361.09291	12786247	53.8	359595	0.9	
361.11403	8362572	34.5	340956	0.6	
361.12927	4891215	19.4	382857	0.3	
361.22320	3713635	14.2	377410	0.3	
362.09629	2625307	9.5	415788	0.2	
363.03587	2550752	9.1	405532	0.2	
363.07215	9137127	37.9	372257	0.6	
363.09330	5049324	20.1	373796	0.3	
363.10853	13519855	57.0	340830	0.9	
363.23878	3683338	14.1	355698	0.3	
364.11192	2947264	10.9	357693	0.2	
365.05147	5275011	21.0	379778	0.4	
365.08780	13716874	57.9	351373	0.9	
365.10893	13114766	55.3	364151	0.9	
365.12420	7159186	29.3	349383	0.5	
365.26733	18333102	78.1	351531	1.3	
366.09113	3036761	11.3	381113	0.2	
366.27076	3665534	14.0	368858	0.3	
367.06707	7114529	28.8	363417	0.5	
367.10347	14429993	60.5	334193	1.0	
367.10534	9799465	40.4	311405	0.7	
367.11870	2485548	8.8	302065	0.2	
367.12459	6111021	24.5	339799	0.4	
367.13987	3904304	14.9	371901	0.3	
369.08274	8450236	34.6	338037	0.6	
369.09793	3001536	11.0	322647	0.2	
369.10381	8765633	36.0	363208	0.6	
369.11911	10571972	43.8	340228	0.7	
370.12245	3013007	11.1	324468	0.2	
370.86875	5122598	20.2	386303	0.4	
371.00447	6384193	25.6	358941	0.4	
371.04081	3875401	14.8	398841	0.3	
371.07724	5388880	21.3	366295	0.4	
371.09839	11334228	47.1	333111	0.8	
371.11366	6318679	25.4	350283	0.4	
371.11952	9679448	39.9	357463	0.7	
371.13470	3766876	14.3	343184	0.3	
371.24388	5141106	20.3	374847	0.4	
373.02007	3743702	14.2	348328	0.3	
373.03721	7674842	31.2	351995	0.5	
373.05646	3695581	14.0	400659	0.3	
373.09291	10142693	41.9	339600	0.7	
373.11401	10175465	42.1	341912	0.7	
373.12924	5059564	19.9	365844	0.3	
373.25832	3671046	13.9	729093	0.3	
373.25957	38831108	166.1	346210	2.7	
374.09638	2522285	8.9	358011	0.2	
374.26292	8682702	35.6	341068	0.6	
375.03581	2712936	9.8	361715	0.2	
375.07218	7484784	30.4	338604	0.5	
375.09333	6159732	24.7	357266	0.4	
375.10853	13137271	54.9	351257	0.9	
375.12972	4243835	16.4	346805	0.3	
375.14493	4369790	16.9	330052	0.3	
376.11199	3037758	11.2	357171	0.2	
377.05141	5058296	19.9	335865	0.3	
377.08560	21350142	90.4	326691	1.5	
377.08783	29042432	123.7	327072	2.0	
377.08913	2602752	9.3	646681	0.2	
377.10895	10286851	42.5	345705	0.7	
377.12420	8533766	34.9	344338	0.6	
377.16062	2744078	9.9	341098	0.2	
378.08887	3272645	12.2	352763	0.2	
378.09122	5382086	21.3	334699	0.4	
378.11231	3216330	11.9	309370	0.2	
379.06711	6860934	27.7	352511	0.5	
379.08268	6461577	26.0	353288	0.4	
379.10346	16525453	69.5	339433	1.1	
379.12461	7514258	30.5	333829	0.5	
379.13984	4073620	15.6	387883	0.3	
379.23375	7796903	31.8	348724	0.5	
380.10678	3806547	14.5	372293	0.3	
381.08269	8251923	33.4	331531	0.6	
381.10383	5237271	20.5	369379	0.4	
381.11912	10336793	42.3	333007	0.7	
381.23165	10242608	41.9	342893	0.7	
383.09841	10316701	42.3	351570	0.7	
383.11953	17746850	74.1	344794	1.2	
383.13473	4651941	18.0	344905	0.3	
384.12277	3316838	12.2	315464	0.2	
385.07759	3584289	13.4	362703	0.2	
385.09288	5758244	22.7	354344	0.4	
385.11403	11476264	47.2	329363	0.8	
385.12931	3640619	13.6	378854	0.3	
385.25956	3436868	12.8	382453	0.2	
385.29581	2977099	10.8	323734	0.2	
387.03585	3968671	15.0	346859	0.3	
387.07214	3781286	14.2	359211	0.3	
387.09329	4947626	19.2	334983	0.3	
387.10854	6807213	27.2	372016	0.5	
387.12971	5535409	21.8	353326	0.4	
387.23893	2587335	9.1	332842	0.2	
389.05145	2833449	10.2	337039	0.2	
389.08779	7018544	28.1	343101	0.5	
389.10900	6383668	25.4	339542	0.4	
389.12419	6740023	26.9	349813	0.5	
389.16059	3304510	12.2	354854	0.2	
391.06705	5493170	21.6	358586	0.4	
391.10346	10547641	43.2	339642	0.7	
391.12466	5710270	22.5	331150	0.4	
391.13987	5403073	21.2	364521	0.4	
392.10682	2718333	9.7	359183	0.2	
393.08272	8950588	36.4	323382	0.6	
393.10389	4457281	17.1	332875	0.3	
393.11911	15037251	62.5	336962	1.0	
393.21314	2688854	9.5	343954	0.2	
393.29862	7990119	32.3	331839	0.5	
394.12237	2816008	10.1	389327	0.2	
395.06206	3312832	12.1	309410	0.2	
395.09837	13042887	53.4	320888	0.9	
395.11951	12969163	53.1	323699	0.9	
395.13474	5250255	20.3	345985	0.4	
396.10160	2833805	10.1	323578	0.2	
397.07757	4456013	16.9	355165	0.3	
397.11402	10450516	42.4	338509	0.7	
397.13513	5776984	22.6	339222	0.4	
397.22654	19838570	82.2	328619	1.4	
398.11723	2792218	9.9	354732	0.2	
398.22993	4766512	18.3	297658	0.3	
399.09333	5560283	21.6	330703	0.4	
399.10856	2832350	10.1	358069	0.2	
399.11440	8931295	35.9	329523	0.6	
399.12970	5894114	23.0	343004	0.4	
399.27523	3018750	10.8	324035	0.2	
401.05136	5953887	23.3	335565	0.4	
401.08774	5476710	21.3	333443	0.4	
401.10891	7604586	30.3	319351	0.5	
401.12422	9738605	39.4	328160	0.7	
401.13008	5443951	21.1	334260	0.4	
401.14522	2863474	10.2	296914	0.2	
403.06704	3166961	11.5	343995	0.2	
403.10347	11832056	48.3	319580	0.8	
403.12459	6732541	26.6	322032	0.5	
403.13982	4619008	17.6	319508	0.3	
405.04620	2646142	9.3	320973	0.2	
405.08269	5325958	20.6	331750	0.4	
405.10386	3363978	12.3	300046	0.2	
405.11910	10742925	43.6	313294	0.7	
405.14024	3252369	11.8	320689	0.2	
405.15551	4551829	17.3	340216	0.3	
407.06198	5234198	20.2	317677	0.4	
407.09836	8562205	34.4	294921	0.6	
407.11951	4988450	19.2	319417	0.3	
407.13476	10223141	41.4	322518	0.7	
407.17128	2489900	8.6	324493	0.2	
407.22874	2627128	9.2	373755	0.2	
408.13834	2522865	8.7	333193	0.2	
409.07763	4249521	16.1	334486	0.3	
409.09650	2986933	10.7	334269	0.2	
409.11404	10874809	44.2	322804	0.7	
409.13517	4323261	16.4	316366	0.3	
409.15039	3078080	11.1	302924	0.2	
411.09330	9810256	39.3	319260	0.7	
411.11440	5443924	20.9	324717	0.4	
411.12966	6275416	24.4	329316	0.4	
413.08782	2911982	10.3	360785	0.2	
413.10895	10162931	40.8	319715	0.7	
413.12416	2853622	10.0	342782	0.2	
413.13008	17507064	71.6	316278	1.2	
413.14543	3319547	12.0	326150	0.2	
414.13345	3107786	11.1	339418	0.2	
414.95231	3309686	11.9	370865	0.2	
415.08824	5239955	20.1	317657	0.4	
415.10348	4891798	18.6	317589	0.3	
415.12458	7021722	27.5	328092	0.5	
415.13986	4445342	16.7	312813	0.3	
417.08274	3960378	14.7	341754	0.3	
417.10385	3624511	13.3	303559	0.2	
417.11914	7857730	31.1	317870	0.5	
417.12502	2894403	10.2	337966	0.2	
417.14022	4176454	15.6	300170	0.3	
417.15544	3978826	14.8	338645	0.3	
419.09841	7251947	28.5	304646	0.5	
419.11953	5570544	21.4	309440	0.4	
419.13485	8103923	32.1	323679	0.6	
419.16960	3749882	13.8	594068	0.3	
419.17115	31533050	130.6	310062	2.2	
419.17271	2811899	9.8	687864	0.2	
420.17454	7792852	30.8	309830	0.5	
421.07763	3340696	12.1	321239	0.2	
421.11401	9804192	39.2	293541	0.7	
421.13510	5026213	19.2	329155	0.3	
421.15044	7633320	30.1	305476	0.5	
421.32986	2787791	9.7	341224	0.2	
423.09337	5854035	22.6	319123	0.4	
423.12965	10763098	43.3	296036	0.7	
424.13303	2693176	9.3	301185	0.2	
425.07259	2537737	8.7	314854	0.2	
425.10905	5907729	22.9	304668	0.4	
425.13009	6661398	26.0	296228	0.5	
425.14538	4449562	16.7	316138	0.3	
425.25790	4869427	18.5	310737	0.3	
427.10353	3389136	12.3	295473	0.2	
427.12456	7200469	28.3	320361	0.5	
427.14564	3130074	11.2	361521	0.2	
429.08275	3117200	11.0	311782	0.2	
429.10388	3768469	13.7	305936	0.3	
429.11910	4118680	15.2	318713	0.3	
429.12503	4726938	17.7	318641	0.3	
429.14031	4153501	15.3	309236	0.3	
431.09841	5196380	19.6	289610	0.4	
431.11950	8614497	33.9	306888	0.6	
431.13475	28791396	117.8	295450	2.0	
431.14056	7778918	30.4	311882	0.5	
432.13814	6161228	23.7	304147	0.4	
433.04133	2862109	9.9	326132	0.2	
433.07762	3306533	11.8	299992	0.2	
433.11404	6695982	25.9	297525	0.5	
433.13506	4613170	17.2	299145	0.3	
433.15037	7304246	28.4	286195	0.5	
435.09323	4904443	18.4	306435	0.3	
435.11427	2854399	9.9	295854	0.2	
435.12961	5975555	22.9	299317	0.4	
437.10897	7544789	29.4	300145	0.5	
437.12997	4476890	16.6	277872	0.3	
437.14533	4354013	16.1	322230	0.3	
439.07634	2777511	9.6	265011	0.2	
439.08815	3549610	12.8	297251	0.2	
439.10350	2476462	8.3	326819	0.2	
439.12453	11475379	45.7	293241	0.8	
439.14576	4538808	16.9	319595	0.3	
441.08255	2899848	10.1	239802	0.2	
441.10393	4551565	17.0	322039	0.3	
441.11910	2653073	9.1	269906	0.2	
441.14019	5176214	19.6	286576	0.4	
441.25275	9182129	36.2	290322	0.6	
443.09848	3690863	13.4	232583	0.3	
443.11957	5555572	21.1	299452	0.4	
443.13475	2979192	10.4	292851	0.2	
443.14065	6237561	24.0	285560	0.4	
443.15598	2558333	8.7	329852	0.2	
445.11408	5449563	20.7	299518	0.4	
445.13526	4329312	16.0	302203	0.3	
445.15035	2786147	9.6	343486	0.2	
447.05685	5564728	20.9	269992	0.4	
447.09325	4081985	14.8	294967	0.3	
447.11438	3778887	13.6	276149	0.3	
447.12969	6476106	24.7	300841	0.4	
449.10891	6456117	24.6	296140	0.4	
449.13008	9012026	35.1	280771	0.6	
449.14533	5053246	18.8	337593	0.3	
451.12458	6982958	26.7	291243	0.5	
451.14564	3250483	11.4	270066	0.2	
451.16104	5078327	18.9	295535	0.3	
453.10386	4777761	17.7	306157	0.3	
453.14026	5054250	18.8	302919	0.3	
455.11957	5284129	19.8	306231	0.4	
455.14058	4458791	16.4	284514	0.3	
455.15585	3319083	11.7	269079	0.2	
457.11414	3433248	12.1	313531	0.2	
457.13503	4758310	17.6	298289	0.3	
459.09342	3270944	11.5	267282	0.2	
459.12966	4463913	16.4	282736	0.3	
459.13539	2493739	8.3	299078	0.2	
459.15078	3445039	12.2	309824	0.2	
461.07266	3858211	13.9	294133	0.3	
461.10905	4058924	14.7	271378	0.3	
461.13009	6682418	25.5	286564	0.5	
461.14542	3234614	11.3	298184	0.2	
463.06704	3002670	10.4	284287	0.2	
463.08815	3181876	11.1	308137	0.2	
463.12459	5767485	21.7	281007	0.4	
465.10393	3206984	11.2	285330	0.2	
465.12497	3045198	10.5	268525	0.2	
465.14021	4799314	17.8	294964	0.3	
467.11949	5899617	22.0	299030	0.4	
467.14063	8844646	33.9	265079	0.6	
467.15583	5174635	19.1	283488	0.4	
467.21342	4373882	15.8	308204	0.3	
469.11397	2803576	9.4	288609	0.2	
469.13517	5371774	19.9	278127	0.4	
471.11450	2696596	9.0	333173	0.2	
471.13565	4092314	14.7	293839	0.3	
471.15064	3637662	12.8	315486	0.2	
473.10903	3213235	11.1	307038	0.2	
473.13015	3656632	12.9	307296	0.3	
473.14526	3263421	11.3	260604	0.2	
473.15108	2720702	9.1	262979	0.2	
475.12456	4738523	17.3	290771	0.3	
475.14580	2588128	8.5	298262	0.2	
477.10380	3250172	11.2	272859	0.2	
477.14023	4065287	14.5	296785	0.3	
479.11960	4174380	15.0	289290	0.3	
479.15581	3785270	13.4	285763	0.3	
481.13522	5278815	19.5	264277	0.4	
481.22902	4002938	14.3	297285	0.3	
483.07804	7829122	29.8	266951	0.5	
483.11436	3547788	12.4	240831	0.2	
483.12995	2838160	9.6	255001	0.2	
483.15077	3269270	11.3	283395	0.2	
485.10900	2520256	8.3	303005	0.2	
485.13027	3226823	11.1	292041	0.2	
485.15117	12212428	47.6	270388	0.8	
485.16627	2575569	8.5	268867	0.2	
485.27897	2988273	10.2	276117	0.2	
487.12444	3453695	12.0	295202	0.2	
487.14571	4035333	14.4	257469	0.3	
487.18213	14953231	58.7	263560	1.0	
488.18552	3238958	11.2	262690	0.2	
489.14017	3311936	11.3	266067	0.2	
491.11945	3553147	12.3	266316	0.2	
491.14075	2824065	9.4	291786	0.2	
493.07763	3781043	13.2	268747	0.3	
493.13507	4450756	15.9	271552	0.3	
493.15626	2490826	8.0	272629	0.2	
495.15072	3143696	10.6	282286	0.2	
495.24471	5874732	21.6	241418	0.4	
497.13008	6493781	24.0	256658	0.4	
499.12470	2620578	8.5	267193	0.2	
499.14568	3063976	10.3	285713	0.2	
503.11958	2787655	9.2	290538	0.2	
503.16169	12459347	47.9	263110	0.9	
505.13517	3706788	12.9	263189	0.3	
507.15067	2673156	8.7	275985	0.2	
509.13021	3998813	14.0	245416	0.3	
511.14585	3667651	12.7	263024	0.3	
515.14048	2781071	9.0	235519	0.2	
515.16171	2791317	9.1	287440	0.2	
515.21344	16346021	62.5	252837	1.1	
516.21656	5041372	17.9	249183	0.3	
517.13499	2805240	9.1	264633	0.2	
517.31704	16608817	63.6	250301	1.1	
518.32049	5549929	19.9	257964	0.4	
523.14529	2719055	8.8	228074	0.2	
527.14062	2688575	8.6	278418	0.2	
533.12993	2959802	9.7	221019	0.2	
533.31202	5583349	20.0	248211	0.4	
537.16147	3153617	10.5	237146	0.2	
539.16128	2602332	8.3	203491	0.2	
541.15626	2917352	9.4	268503	0.2	
547.14604	3002268	9.7	230005	0.2	
571.18212	2825044	8.8	214137	0.2	
