m/z	I	S/N	Res.	A %	I %	
103.00371	4016940	18.9	1297630	0.0	0.7	
111.00880	8356169	41.5	1144607	0.1	1.4	
129.01935	3652353	17.0	995268	0.1	0.6	
130.99862	3372727	15.6	1056757	0.1	0.6	
143.10778	4799377	23.0	933106	0.1	0.8	
147.02990	8127214	40.3	900530	0.2	1.4	
147.06630	6303471	30.8	892038	0.1	1.1	
149.00773	3014976	13.7	893077	0.1	0.5	
149.00843	15202111	77.1	904174	0.4	2.6	
149.00917	196958016	1022.9	833580	5.3	33.1	
149.04556	4479809	21.3	879947	0.1	0.8	
150.01252	10372979	52.0	850449	0.3	1.7	
151.00370	3159468	14.4	810626	0.1	0.5	
151.01341	3528621	16.4	847706	0.1	0.6	
151.04008	8243119	40.9	862556	0.2	1.4	
152.01150	3014126	13.7	895475	0.1	0.5	
153.01933	10077238	50.4	836768	0.3	1.7	
153.05572	8887353	44.3	843005	0.2	1.5	
156.06662	4559170	21.7	846178	0.1	0.8	
157.01425	4042148	19.0	933805	0.1	0.7	
157.04980	4245928	20.1	840941	0.1	0.7	
157.05063	51861928	267.9	787908	1.6	8.7	
157.05086	4657576	22.2	1475112	0.1	0.8	
157.12341	17809840	90.7	805174	0.5	3.0	
158.05398	4463384	21.2	778611	0.1	0.7	
159.02905	5999758	29.2	865063	0.2	1.0	
159.02990	77642384	401.7	788183	2.3	13.0	
159.03013	7314062	36.0	910730	0.2	1.2	
160.03325	5114640	24.6	804126	0.1	0.9	
161.02441	3730329	17.4	867570	0.1	0.6	
161.04555	20036508	102.2	776984	0.6	3.4	
162.03225	5724718	27.7	735326	0.2	1.0	
163.02481	2693065	12.0	818154	0.1	0.5	
163.04007	13936844	70.3	747324	0.5	2.3	
163.06120	9734351	48.5	792308	0.3	1.6	
165.01933	5821470	28.1	821222	0.2	1.0	
165.04045	7491618	36.7	703350	0.3	1.3	
165.05572	7346724	36.0	816469	0.2	1.2	
166.02715	10316503	51.3	759053	0.3	1.7	
167.00199	2646164	11.7	801781	0.1	0.4	
167.03498	16590746	83.5	761451	0.6	2.8	
168.00642	2951774	13.2	890391	0.1	0.5	
168.98122	2751276	12.2	755375	0.1	0.5	
169.01234	3132210	14.1	841640	0.1	0.5	
169.01327	14614834	73.1	787375	0.5	2.5	
169.01425	216883504	1112.2	743818	7.5	36.4	
169.05063	7215419	35.1	747216	0.2	1.2	
169.12341	2488650	10.8	872058	0.1	0.4	
170.01760	16577039	83.2	733747	0.6	2.8	
170.99690	3502061	16.0	717758	0.1	0.6	
171.02990	2941173	13.1	871966	0.1	0.5	
171.06627	3358462	15.3	800970	0.1	0.6	
171.10266	2601734	11.4	742409	0.1	0.4	
171.13711	3168526	14.3	807609	0.1	0.5	
171.13805	18166542	91.3	803160	0.6	3.1	
171.13905	261939984	1343.7	727544	9.4	44.0	
172.14241	29479932	149.0	727143	1.1	5.0	
173.00916	46027984	233.7	719230	1.7	7.7	
173.00943	3855568	17.8	1482120	0.1	0.6	
173.04554	11749593	58.2	743593	0.4	2.0	
174.01251	2993613	13.3	737352	0.1	0.5	
175.00555	4457680	20.8	696235	0.1	0.7	
175.02481	10686165	52.6	710186	0.4	1.8	
175.06014	2928862	13.0	872450	0.1	0.5	
175.06120	43669216	220.9	719554	1.7	7.3	
176.06454	3249388	14.6	645124	0.1	0.5	
177.01933	24758516	124.4	708657	1.0	4.2	
177.03834	2924793	12.9	744071	0.1	0.5	
177.03939	17375482	86.7	773458	0.6	2.9	
177.04046	260991232	1329.9	708101	9.8	43.8	
177.05572	16156926	80.5	720418	0.6	2.7	
178.02271	2526224	10.9	814211	0.1	0.4	
178.04381	16816662	83.6	707429	0.7	2.8	
178.96318	4351266	20.2	688452	0.2	0.7	
178.99859	31882028	160.2	694046	1.3	5.4	
179.03497	17326902	86.1	707793	0.7	2.9	
179.04470	3395386	15.3	712020	0.1	0.6	
179.05611	37722940	189.9	708288	1.5	6.3	
179.05640	3715901	16.9	1154883	0.1	0.6	
179.07136	4928834	23.1	751061	0.2	0.8	
180.00193	2795864	12.2	713209	0.1	0.5	
180.04277	2723684	11.9	697461	0.1	0.5	
180.05945	2536553	10.9	775594	0.1	0.4	
181.01424	29117836	145.6	694347	1.2	4.9	
181.05063	39955864	200.5	694182	1.6	6.7	
181.05094	3521944	15.9	1225193	0.1	0.6	
181.07176	7103903	34.0	698411	0.3	1.2	
182.01759	3173063	14.1	750893	0.1	0.5	
182.02206	3695305	16.8	640436	0.2	0.6	
182.05398	4076243	18.7	723211	0.1	0.7	
183.02989	28450828	142.2	688372	1.2	4.8	
183.06628	3629591	16.4	758816	0.1	0.6	
185.02777	6908576	32.9	679113	0.3	1.2	
185.04555	7220902	34.5	697521	0.3	1.2	
185.08193	12243634	59.8	685770	0.5	2.1	
185.11832	6414014	30.4	681128	0.2	1.1	
186.07717	3469829	15.5	652391	0.1	0.6	
187.02479	4233551	19.4	711313	0.2	0.7	
187.06120	4007259	18.3	705656	0.1	0.7	
187.09757	4970344	23.1	657363	0.2	0.8	
189.04046	8505374	40.8	649258	0.4	1.4	
189.05758	7467044	35.6	665516	0.3	1.3	
189.07683	5879851	27.6	649959	0.2	1.0	
190.99859	2768113	11.9	719053	0.1	0.5	
191.01845	2875129	12.4	710810	0.1	0.5	
191.01972	49650424	246.8	652020	2.3	8.3	
191.03497	15397631	75.2	671941	0.7	2.6	
191.05611	22694662	111.7	658675	1.0	3.8	
191.07134	5624589	26.2	664428	0.2	0.9	
192.02306	3277429	14.5	743056	0.1	0.6	
192.04283	3117181	13.7	657898	0.1	0.5	
193.01424	19512818	95.8	651168	0.9	3.3	
193.03537	45768188	227.3	646587	2.1	7.7	
193.03570	4113915	18.6	1216955	0.1	0.7	
193.05063	18005504	88.2	658260	0.8	3.0	
194.01758	2495866	10.5	735754	0.1	0.4	
194.03871	2783618	12.0	664083	0.1	0.5	
194.99350	8706300	41.5	679691	0.4	1.5	
194.99687	15888637	77.3	656905	0.7	2.7	
195.02989	34066700	168.0	644359	1.6	5.7	
195.04969	8591635	40.9	727279	0.3	1.4	
195.05102	159056144	791.6	637302	7.3	26.7	
195.05136	12878099	62.3	1038900	0.4	2.2	
195.06627	17961242	87.6	655616	0.8	3.0	
196.00134	2722961	11.6	758959	0.1	0.5	
196.03323	3414174	15.1	712673	0.1	0.6	
196.05437	9528998	45.6	628977	0.4	1.6	
197.00915	14203947	68.9	648947	0.7	2.4	
197.01252	7597101	35.9	662273	0.3	1.3	
197.04287	3621945	16.1	659236	0.2	0.6	
197.04419	22004794	107.8	680601	1.0	3.7	
197.04554	388367424	1935.7	630523	18.6	65.2	
197.04703	7679035	36.3	708173	0.3	1.3	
197.04892	2479163	10.4	767411	0.1	0.4	
197.05525	2517054	10.6	685336	0.1	0.4	
197.08193	3341385	14.7	609775	0.1	0.6	
197.15472	2516071	10.6	684366	0.1	0.4	
198.04889	38020568	187.7	635572	1.8	6.4	
198.04925	3468760	15.3	1228020	0.1	0.6	
199.02480	5757808	26.6	626012	0.3	1.0	
199.03767	3549557	15.7	682105	0.1	0.6	
199.04343	9324407	44.4	662313	0.4	1.6	
199.04978	4914042	22.5	672320	0.2	0.8	
199.06119	5232511	24.0	660754	0.2	0.9	
199.09754	2561422	10.8	743297	0.1	0.4	
199.16897	9541548	45.4	708508	0.4	1.6	
199.17035	170493872	845.1	629385	8.1	28.6	
200.05642	3229476	14.1	673899	0.1	0.5	
200.09282	3187507	13.9	684977	0.1	0.5	
200.17370	23312726	113.9	632368	1.2	3.9	
201.04046	17257160	83.8	632450	0.8	2.9	
201.07685	4535001	20.6	602075	0.2	0.8	
201.11321	2522856	10.6	660951	0.1	0.4	
202.04046	2472826	10.3	612068	0.1	0.4	
202.94140	23600644	114.8	620019	1.2	4.0	
203.03496	3373101	14.7	719678	0.1	0.6	
203.03684	9776685	46.4	620023	0.5	1.6	
203.05610	7247414	33.9	654933	0.3	1.2	
203.07137	2598461	10.9	684093	0.1	0.4	
203.09250	5442118	25.0	647471	0.2	0.9	
205.01423	7451036	34.9	643224	0.3	1.3	
205.03537	36721060	179.7	621106	1.8	6.2	
205.05063	7337389	34.3	643476	0.3	1.2	
205.05249	7405997	34.7	601847	0.4	1.2	
205.07175	9000374	42.6	611947	0.4	1.5	
206.03872	3375466	14.7	623892	0.1	0.6	
206.99350	6920477	32.1	612777	0.3	1.2	
207.02989	16010542	76.9	617428	0.8	2.7	
207.05102	11810103	56.2	610251	0.6	2.0	
207.06627	39826752	194.1	608217	2.2	6.7	
207.08740	8146248	38.1	630577	0.4	1.4	
208.06962	4515596	20.3	647419	0.2	0.8	
208.97372	3753647	16.5	614727	0.2	0.6	
209.00916	7437504	34.7	621503	0.4	1.2	
209.01253	2756289	11.6	632196	0.1	0.5	
209.03027	7252169	33.7	660353	0.3	1.2	
209.04554	24029392	116.4	598608	1.3	4.0	
209.06666	8970458	42.2	634073	0.4	1.5	
209.08193	6357217	29.3	585634	0.3	1.1	
210.04889	2971302	12.7	603325	0.1	0.5	
211.02480	17931378	85.9	610988	0.9	3.0	
211.06118	15834243	75.6	600542	0.9	2.7	
211.09757	7764116	36.1	596205	0.4	1.3	
212.09281	8961645	42.0	611871	0.5	1.5	
213.00405	3351074	14.5	660766	0.1	0.6	
213.04045	9619507	45.2	613625	0.5	1.6	
213.07684	5646405	25.7	641536	0.3	0.9	
213.11322	3828823	16.8	642094	0.2	0.6	
215.03277	3719672	16.2	575559	0.2	0.6	
215.05610	8741891	40.7	585194	0.5	1.5	
215.09250	2919957	12.3	613486	0.1	0.5	
215.12887	3514919	15.2	614811	0.2	0.6	
217.01425	3749828	16.3	646559	0.2	0.6	
217.01608	2801093	11.7	612741	0.1	0.5	
217.03537	3344335	14.3	636847	0.2	0.6	
217.05064	4571607	20.3	552473	0.2	0.8	
217.05249	3912663	17.1	624557	0.2	0.7	
217.07176	4839393	21.6	629229	0.2	0.8	
217.10814	3363827	14.4	609938	0.2	0.6	
218.99349	3336092	14.3	643190	0.1	0.6	
219.02989	9245614	43.1	574578	0.5	1.6	
219.04933	11305911	53.2	616874	0.6	1.9	
219.05101	202648512	986.3	572862	11.6	34.0	
219.06627	7814080	36.1	590893	0.4	1.3	
219.08741	7969739	36.9	585727	0.4	1.3	
220.05437	18214320	86.4	587156	1.0	3.1	
221.00915	68513680	330.5	576905	3.9	11.5	
221.00959	5840785	26.4	984793	0.3	1.0	
221.04553	17088418	80.9	581295	1.1	2.9	
221.06623	8740781	40.4	1147574	0.3	1.5	
221.06667	96726960	467.4	574372	5.7	16.2	
221.08191	6903733	31.5	593612	0.4	1.2	
222.01251	7567756	34.7	573161	0.4	1.3	
222.07002	8146346	37.6	532090	0.5	1.4	
222.98841	25838460	123.4	570825	1.5	4.3	
222.98887	2777981	11.5	917625	0.1	0.5	
223.02480	29295504	140.2	565883	1.8	4.9	
223.02823	2789777	11.6	647824	0.1	0.5	
223.04593	9733018	45.3	578945	0.6	1.6	
223.06118	21488546	102.3	568369	1.4	3.6	
223.09758	3157941	13.4	601905	0.2	0.5	
223.99176	2424190	9.7	688611	0.1	0.4	
224.02817	3599248	15.4	560215	0.2	0.6	
224.06455	3001763	12.5	600311	0.1	0.5	
225.00406	6201222	28.0	589865	0.3	1.0	
225.00743	6367111	28.8	568410	0.4	1.1	
225.04045	69646232	334.2	560809	4.5	11.7	
225.04381	2815898	11.6	606682	0.1	0.5	
225.07684	19908522	94.1	564241	1.2	3.3	
225.18601	3604963	15.4	595587	0.2	0.6	
226.04379	7052702	32.1	565838	0.4	1.2	
226.08017	2789808	11.5	593521	0.1	0.5	
227.01972	4095895	17.8	600302	0.2	0.7	
227.05610	9761706	45.1	558680	0.6	1.6	
227.09249	5081021	22.6	600269	0.3	0.9	
227.10373	5123011	22.8	578738	0.3	0.9	
227.12889	2695632	11.0	615066	0.1	0.5	
227.20119	2644981	10.8	1182228	0.1	0.4	
227.20165	18508790	87.4	581271	1.1	3.1	
228.08773	3507650	15.0	606477	0.2	0.6	
228.20497	3536383	15.1	595388	0.2	0.6	
229.00235	7796639	35.5	597612	0.4	1.3	
229.03537	3439536	14.5	616405	0.2	0.6	
229.07175	14000067	65.2	558605	0.9	2.4	
229.10814	13270998	61.7	546495	0.8	2.2	
231.02991	3656133	15.6	563521	0.2	0.6	
231.05102	5821392	26.0	563150	0.3	1.0	
231.06626	3881944	16.7	603985	0.2	0.7	
231.08741	4345827	18.9	588507	0.2	0.7	
231.10265	4134891	17.9	609498	0.2	0.7	
231.12382	3053558	12.7	486744	0.2	0.5	
233.00915	11128791	51.4	556352	0.7	1.9	
233.01253	2758617	11.3	613286	0.1	0.5	
233.04554	9390058	43.1	527876	0.6	1.6	
233.06666	7159798	32.4	546218	0.4	1.2	
233.08192	4757502	20.9	516480	0.3	0.8	
233.08381	4551679	19.9	551191	0.3	0.8	
235.02480	35425280	167.1	543586	2.4	5.9	
235.02530	3752962	15.9	838687	0.2	0.6	
235.06119	10501141	48.1	551840	0.7	1.8	
235.08232	5677089	25.1	594748	0.3	1.0	
235.09755	3194408	13.3	561773	0.2	0.5	
236.02817	4405783	19.1	582924	0.2	0.7	
237.00407	15999005	74.4	526400	1.1	2.7	
237.04045	26701872	125.5	536759	1.9	4.5	
237.06159	14856252	68.9	554973	1.0	2.5	
237.07684	11925572	54.9	540360	0.8	2.0	
238.04380	2885191	11.8	648061	0.1	0.5	
238.89136	4088842	17.5	503517	0.3	0.7	
239.01972	42677328	201.7	537674	3.1	7.2	
239.02309	7038033	31.6	563263	0.4	1.2	
239.05559	6177890	27.5	983155	0.2	1.0	
239.05610	66229348	314.1	533512	4.8	11.1	
239.07724	3719278	15.8	538080	0.2	0.6	
239.09248	7826550	35.4	548891	0.5	1.3	
239.20171	2706608	10.9	501259	0.2	0.5	
240.02308	5075558	22.1	513883	0.3	0.9	
240.03360	4578924	19.8	551469	0.3	0.8	
240.05945	7175802	32.1	530566	0.5	1.2	
240.99896	4129903	17.6	577034	0.2	0.7	
241.00236	10946673	50.0	542518	0.7	1.8	
241.03537	11012227	50.3	534809	0.7	1.8	
241.03877	3263109	13.5	548867	0.2	0.5	
241.07176	14137494	65.1	542908	1.0	2.4	
241.10812	4382890	18.8	488120	0.3	0.7	
241.11938	7153840	32.0	546873	0.5	1.2	
241.14454	2446525	9.6	529276	0.1	0.4	
241.21730	5823716	25.7	582271	0.4	1.0	
243.01801	10060966	45.8	535750	0.7	1.7	
243.05102	9206968	41.7	535203	0.6	1.5	
243.06624	3932352	16.7	589029	0.2	0.7	
243.08742	6118603	27.1	550773	0.4	1.0	
243.12380	7177439	32.1	538310	0.5	1.2	
245.00914	2611406	10.4	586184	0.1	0.4	
245.01250	3067600	12.6	577185	0.2	0.5	
245.04550	4623586	20.0	511725	0.3	0.8	
245.04742	5455075	23.9	550827	0.3	0.9	
245.06668	8722669	39.4	536336	0.6	1.5	
245.08194	3318005	13.8	564937	0.2	0.6	
245.10307	3257601	13.5	592502	0.2	0.5	
245.13942	2879764	11.6	532081	0.2	0.5	
246.97726	2599658	10.3	536761	0.2	0.4	
246.98841	8723696	39.2	506956	0.6	1.5	
247.02257	2674434	10.6	545288	0.1	0.4	
247.02480	41968900	195.9	522044	3.2	7.0	
247.02817	7286021	32.4	524445	0.5	1.2	
247.03940	4069643	17.2	528866	0.3	0.7	
247.04593	3466510	14.4	580256	0.2	0.6	
247.06120	10720534	48.6	514930	0.8	1.8	
247.08232	55321888	258.9	515894	4.1	9.3	
247.09754	3226922	13.2	492715	0.2	0.5	
247.11872	2774325	11.1	613002	0.1	0.5	
248.02815	5303067	23.0	527331	0.3	0.9	
248.08567	4731705	20.3	590485	0.3	0.8	
249.00407	18520354	85.3	517139	1.4	3.1	
249.03221	10633522	48.2	516401	0.8	1.8	
249.04046	29600054	137.6	513059	2.3	5.0	
249.06159	6125890	26.9	550135	0.4	1.0	
249.07683	9601354	43.3	533917	0.7	1.6	
249.09800	2678613	10.6	476168	0.2	0.4	
250.00747	2678585	10.6	622186	0.1	0.4	
250.04379	3879757	16.3	515481	0.2	0.7	
251.01972	18890068	87.1	524039	1.5	3.2	
251.05611	20536678	94.8	514822	1.6	3.4	
251.07723	13315442	60.4	528170	1.0	2.2	
251.09248	9141626	40.8	496284	0.7	1.5	
252.05948	2624892	10.3	578245	0.1	0.4	
253.03480	2613633	10.3	1711394	0.0	0.4	
253.03537	21561728	99.0	513344	1.7	3.6	
253.03876	4298115	18.2	524581	0.3	0.7	
253.05654	3230092	13.2	476197	0.2	0.5	
253.07176	18219412	83.4	514121	1.4	3.1	
253.10815	3474855	14.3	542448	0.2	0.6	
253.21501	3169760	12.9	521797	0.2	0.5	
253.21730	52933088	246.0	502763	4.2	8.9	
254.03872	2621844	10.3	545252	0.1	0.4	
254.07511	2515367	9.8	606482	0.1	0.4	
254.22066	9057268	40.4	514920	0.7	1.5	
254.86533	3985736	16.7	500512	0.3	0.7	
255.05103	18548138	84.9	516801	1.4	3.1	
255.08742	8625597	38.4	519221	0.6	1.4	
255.09864	2525123	9.8	565463	0.1	0.4	
255.12374	2690000	10.6	542331	0.2	0.5	
255.23237	4843018	20.7	875576	0.2	0.8	
255.23295	49772040	231.2	505256	3.8	8.4	
256.11904	3741660	15.5	530464	0.2	0.6	
256.23631	9281562	41.5	506189	0.7	1.6	
257.03367	8208828	36.5	505682	0.6	1.4	
257.06668	13687245	62.1	500791	1.1	2.3	
257.08193	2709973	10.7	464662	0.2	0.5	
257.10301	3487200	14.3	527762	0.2	0.6	
257.13944	5205492	22.4	518993	0.3	0.9	
258.99178	9743804	43.4	521374	0.7	1.6	
259.01292	20454854	93.2	490701	1.7	3.4	
259.02482	3542477	14.5	558038	0.2	0.6	
259.02818	13479375	60.7	509608	1.1	2.3	
259.06119	6258144	27.1	507949	0.5	1.1	
259.08233	7810539	34.4	513082	0.6	1.3	
259.09756	2849779	11.3	443618	0.2	0.5	
259.11870	2763262	10.9	592057	0.1	0.5	
260.97104	2803135	11.1	508459	0.2	0.5	
261.00408	19775952	90.0	494019	1.7	3.3	
261.04046	13324771	60.0	513846	1.0	2.2	
261.04382	5173733	22.1	516551	0.4	0.9	
261.06163	4152814	17.3	486834	0.3	0.7	
261.07684	6646262	28.9	502330	0.5	1.1	
261.09799	4641281	19.6	545944	0.3	0.8	
261.13435	8751636	38.7	501510	0.7	1.5	
262.04381	2540521	9.8	543065	0.1	0.4	
263.01973	19355102	88.1	491393	1.7	3.3	
263.02308	2615777	10.2	494786	0.2	0.4	
263.05611	35816944	164.7	486592	3.2	6.0	
263.07724	7120381	31.1	509302	0.5	1.2	
263.09251	6635012	28.9	508624	0.5	1.1	
264.05946	4982771	21.0	507401	0.4	0.8	
264.99645	3890641	16.0	573827	0.2	0.7	
264.99899	62687696	287.6	484981	5.2	10.5	
264.99962	5536210	23.6	969722	0.3	0.9	
265.03538	40577508	185.5	485975	3.3	6.8	
265.05651	3541487	14.4	517039	0.2	0.6	
265.07176	23325174	105.8	489580	2.0	3.9	
265.09287	3445250	13.9	499583	0.2	0.6	
265.10815	3631625	14.8	564108	0.2	0.6	
265.14534	8114716	35.5	531491	0.6	1.4	
265.14790	152439328	702.3	482874	12.7	25.6	
265.18089	3661358	14.9	554521	0.2	0.6	
266.00234	7398351	32.2	495610	0.6	1.2	
266.03875	5460961	23.2	519064	0.4	0.9	
266.07515	3096564	12.3	458399	0.2	0.5	
266.15127	20274202	91.7	481442	1.8	3.4	
267.01464	15551949	69.9	496435	1.3	2.6	
267.05103	61230560	280.9	481959	5.1	10.3	
267.05166	6221280	26.8	811206	0.4	1.0	
267.05436	5603810	23.9	489408	0.4	0.9	
267.07215	41528812	189.9	484926	3.8	7.0	
267.08741	13389298	59.9	481059	1.1	2.2	
267.14370	6626831	28.6	498584	0.5	1.1	
268.01794	2764229	10.8	462980	0.2	0.5	
268.05439	8511447	37.3	481677	0.7	1.4	
268.07555	3971042	16.4	522695	0.3	0.7	
269.02964	4559294	19.1	1150287	0.2	0.8	
269.03029	49156544	225.1	479351	4.4	8.3	
269.03362	3293632	13.2	504016	0.2	0.6	
269.06668	19313104	87.2	479405	1.7	3.2	
269.08782	2967003	11.7	521068	0.2	0.5	
269.10306	6189539	26.6	492986	0.5	1.0	
269.13948	3835381	15.7	501803	0.3	0.6	
269.21225	2486297	9.5	533879	0.1	0.4	
269.24858	3283499	13.2	476346	0.3	0.6	
270.03364	5344176	22.7	517009	0.4	0.9	
271.02480	3288473	13.1	519572	0.2	0.6	
271.04594	23319972	105.0	468746	2.1	3.9	
271.04931	4747685	19.8	475505	0.4	0.8	
271.06118	4725163	19.7	515796	0.3	0.8	
271.08231	9385397	41.1	489007	0.8	1.6	
271.09757	7349693	31.7	480748	0.6	1.2	
271.11869	4320711	17.8	524183	0.3	0.7	
271.15510	4512217	18.7	501788	0.3	0.8	
271.22787	14640637	65.2	478261	1.3	2.5	
272.04934	3045263	12.0	476288	0.2	0.5	
273.00409	4322656	17.8	512513	0.3	0.7	
273.04047	5800305	24.6	486843	0.5	1.0	
273.04384	4772211	19.9	506853	0.4	0.8	
273.06155	6945148	29.9	498239	0.5	1.2	
273.07685	11270531	49.7	478962	1.0	1.9	
273.09798	3894669	15.9	481869	0.3	0.7	
275.01973	6954283	29.9	488850	0.6	1.2	
275.02310	12999980	57.6	471329	1.2	2.2	
275.05610	8719676	38.0	464549	0.8	1.5	
275.05799	5796157	24.6	460024	0.5	1.0	
275.07726	5756230	24.4	505301	0.4	1.0	
275.09248	5153101	21.6	431743	0.5	0.9	
275.11361	2436951	9.2	538523	0.1	0.4	
276.99900	10778838	47.4	464000	1.0	1.8	
277.02348	4211937	17.3	476812	0.3	0.7	
277.03468	5251303	22.1	807753	0.2	0.9	
277.03537	49651944	225.7	462574	4.8	8.3	
277.03875	23257320	104.7	455650	2.2	3.9	
277.05654	2807025	10.9	552924	0.2	0.5	
277.07175	13308152	59.0	447372	1.2	2.2	
277.07367	5009657	21.0	464408	0.4	0.8	
277.09288	3874050	15.8	470657	0.3	0.7	
277.10813	4025609	16.5	468363	0.3	0.7	
277.18431	2685229	10.3	535203	0.2	0.5	
278.03873	6963901	29.9	465842	0.6	1.2	
279.01465	22209666	99.1	461335	2.1	3.7	
279.05032	4134035	16.8	910379	0.2	0.7	
279.05102	44754068	201.7	462097	4.0	7.5	
279.05173	4367508	17.9	632696	0.3	0.7	
279.07219	3786909	15.3	468218	0.3	0.6	
279.08741	14415012	63.6	470726	1.3	2.4	
279.23295	17196264	76.3	477676	1.5	2.9	
280.01801	2997841	11.7	472411	0.2	0.5	
280.05434	6327906	26.8	485076	0.5	1.1	
280.23630	3109557	12.2	521352	0.2	0.5	
281.03029	25298976	113.2	460737	2.3	4.2	
281.03099	2758688	10.6	868619	0.1	0.5	
281.03359	2968097	11.5	434181	0.2	0.5	
281.06668	27945008	125.2	461212	2.6	4.7	
281.06739	2969648	11.5	928759	0.1	0.5	
281.08781	26331194	117.8	461044	2.5	4.4	
281.10305	8812608	38.1	481239	0.8	1.5	
281.13944	3972177	16.1	519030	0.3	0.7	
281.24860	14944386	66.0	460069	1.4	2.5	
282.03361	3087845	12.1	434609	0.3	0.5	
282.07001	3125750	12.2	487875	0.2	0.5	
282.09116	2499071	9.4	553535	0.1	0.4	
282.25196	3172935	12.5	473904	0.3	0.5	
283.00957	7994266	34.4	456657	0.8	1.3	
283.04594	19909546	88.6	457480	1.9	3.3	
283.08232	17451962	77.4	456803	1.7	2.9	
283.11873	3808203	15.3	482635	0.3	0.6	
283.26425	6304780	26.7	443752	0.6	1.1	
284.04935	2855271	11.0	390244	0.3	0.5	
284.08568	2946423	11.4	538510	0.2	0.5	
284.92349	4350695	17.8	509865	0.3	0.7	
285.02515	2444051	9.1	427117	0.2	0.4	
285.04045	2904858	11.2	518428	0.2	0.5	
285.06158	13352739	58.8	459281	1.3	2.2	
285.07685	4196138	17.1	467809	0.3	0.7	
285.09798	8673075	37.5	462118	0.8	1.5	
285.10919	2729784	10.4	538153	0.2	0.5	
285.13437	2841411	10.9	479832	0.2	0.5	
285.20713	6240099	26.4	474962	0.5	1.0	
286.16599	6734082	28.5	467919	0.6	1.1	
287.01978	4250224	17.2	427024	0.4	0.7	
287.02310	12845682	56.1	447106	1.2	2.2	
287.04421	4868731	20.0	488147	0.4	0.8	
287.05611	8379008	35.9	449969	0.8	1.4	
287.07725	9323145	40.2	474532	0.8	1.6	
287.09252	5624463	23.4	466429	0.5	0.9	
287.11361	2917016	11.2	458573	0.2	0.5	
287.15002	19321512	85.3	450629	1.9	3.2	
287.22284	2461895	9.1	429714	0.2	0.4	
288.15328	2929745	11.3	479236	0.2	0.5	
288.99897	4730291	19.4	448833	0.4	0.8	
289.03541	13383106	58.5	426759	1.4	2.2	
289.03875	45495748	203.6	441217	4.8	7.6	
289.05650	3560907	14.1	468253	0.3	0.6	
289.07177	11789777	51.3	438443	1.2	2.0	
289.09286	4209114	17.0	444517	0.4	0.7	
289.10819	4591073	18.8	444679	0.4	0.8	
289.12924	2775017	10.6	449631	0.2	0.5	
289.16567	5177849	21.4	436798	0.5	0.9	
290.04209	5506915	22.9	481107	0.5	0.9	
290.08814	3272566	12.8	506022	0.2	0.5	
290.99385	2571496	9.6	533981	0.2	0.4	
291.01464	29194480	129.9	447151	2.9	4.9	
291.01541	2660593	10.0	807826	0.2	0.4	
291.05104	25180416	111.8	442778	2.6	4.2	
291.05440	33839360	150.9	439588	3.7	5.7	
291.07213	3830024	15.3	453637	0.3	0.6	
291.07916	11188491	48.6	452897	1.1	1.9	
291.08741	9380110	40.4	442824	0.9	1.6	
291.08847	2978575	11.5	273651	0.3	0.5	
292.01801	4303494	17.5	464815	0.4	0.7	
292.05440	3745429	14.9	452809	0.3	0.6	
292.05775	3838614	15.4	469822	0.3	0.6	
292.89142	2477027	9.2	503089	0.2	0.4	
292.99392	4901900	20.2	476077	0.5	0.8	
293.00951	3315730	13.0	475695	0.3	0.6	
293.02707	2694169	10.2	450195	0.2	0.5	
293.03029	58244120	261.2	438891	5.8	9.8	
293.03107	5082138	21.0	671849	0.4	0.9	
293.06669	16911400	74.4	446107	1.7	2.8	
293.08779	6226993	26.1	427691	0.6	1.0	
293.10306	7113783	30.2	444171	0.7	1.2	
293.17920	61013076	273.7	437087	6.5	10.2	
294.03365	7640486	32.3	463463	0.7	1.3	
294.07009	2649012	9.9	414486	0.2	0.4	
294.18256	9338336	39.9	456846	0.9	1.6	
295.00956	48086816	213.7	438181	5.1	8.1	
295.04516	4120367	16.5	967643	0.2	0.7	
295.04595	45842224	203.7	435996	4.9	7.7	
295.06707	3760952	14.9	507180	0.3	0.6	
295.08155	2520893	9.3	1263858	0.1	0.4	
295.08233	20823870	91.4	439736	2.2	3.5	
295.10346	6623046	27.7	454036	0.6	1.1	
295.11868	5023564	20.6	473584	0.5	0.8	
295.17498	2803553	10.6	482967	0.2	0.5	
295.22789	3127158	12.0	453589	0.3	0.5	
296.01289	7094436	29.8	437370	0.7	1.2	
296.04930	6205618	25.9	441685	0.6	1.0	
296.08571	3029183	11.6	485887	0.2	0.5	
296.98975	6222359	25.9	415349	0.6	1.0	
297.02521	13419044	58.2	436309	1.4	2.3	
297.02863	2815525	10.6	412282	0.3	0.5	
297.06159	29155890	128.8	427506	3.2	4.9	
297.08269	6179386	25.7	477095	0.6	1.0	
297.09798	25879104	114.1	433052	2.8	4.3	
297.09880	2873920	10.9	801946	0.2	0.5	
297.13434	2448973	9.0	490185	0.2	0.4	
297.15299	10555988	45.4	444883	1.0	1.8	
297.24351	22209142	97.6	426271	2.5	3.7	
298.06490	5149610	21.1	450954	0.5	0.9	
298.10133	3506104	13.7	492172	0.3	0.6	
298.15644	2453452	9.0	393396	0.2	0.4	
298.24690	4570094	18.5	463962	0.4	0.8	
299.00544	14390535	62.6	444840	1.5	2.4	
299.01979	2706700	10.2	499024	0.2	0.5	
299.04085	4918548	20.1	427790	0.5	0.8	
299.05609	3645722	14.4	470260	0.3	0.6	
299.07724	12997921	56.3	447406	1.3	2.2	
299.09250	5391655	22.2	490556	0.5	0.9	
299.11363	5731631	23.7	440232	0.5	1.0	
299.15000	2811708	10.6	419500	0.3	0.5	
299.25914	2514276	9.3	472977	0.2	0.4	
300.08056	2520209	9.3	418494	0.2	0.4	
300.99560	28272604	124.8	489739	2.6	4.7	
300.99899	595511232	2669.6	423620	64.1	100.0	
301.00250	16066526	70.1	494835	1.7	2.7	
301.00598	3235807	12.5	393566	0.3	0.5	
301.03539	5104618	20.9	432440	0.5	0.9	
301.05651	20277234	89.0	433316	2.2	3.4	
301.07177	13486071	58.5	438417	1.4	2.3	
301.09290	7061503	29.7	420698	0.8	1.2	
301.10815	8544260	36.3	435674	0.9	1.4	
301.20204	5056550	20.7	419889	0.5	0.8	
302.00235	90392896	403.5	421400	9.8	15.2	
303.00324	9179813	38.9	443332	1.0	1.5	
303.00573	6128294	25.3	424769	0.6	1.0	
303.01465	5126825	20.8	447134	0.5	0.9	
303.01798	3702442	14.5	461433	0.3	0.6	
303.05103	12753590	54.8	425773	1.4	2.1	
303.05441	9095863	38.5	409281	1.0	1.5	
303.07215	8327870	35.1	434172	0.8	1.4	
303.08741	18578114	80.7	428806	2.1	3.1	
303.10860	2594506	9.6	439575	0.2	0.4	
304.09082	3136545	12.0	429156	0.3	0.5	
304.99395	6647128	27.6	419661	0.7	1.1	
305.03029	22777188	99.4	415722	2.7	3.8	
305.03367	20262246	88.2	422824	2.3	3.4	
305.06669	12496241	53.6	394508	1.5	2.1	
305.06923	6712690	27.9	765656	0.4	1.1	
305.07005	65097072	287.8	421122	7.1	10.9	
305.08784	3486072	13.5	493742	0.3	0.6	
305.10306	7970173	33.5	422144	0.9	1.3	
306.03366	4391610	17.6	442521	0.4	0.7	
306.03698	2673339	9.9	476831	0.2	0.4	
306.07340	8152775	34.3	450055	0.8	1.4	
307.00957	10780674	46.0	424186	1.2	1.8	
307.04511	5300238	21.6	866220	0.2	0.9	
307.04594	54956048	242.7	418560	6.1	9.2	
307.04932	27201552	119.1	408175	3.2	4.6	
307.06586	3003413	11.4	431259	0.3	0.5	
307.06705	6162453	25.4	443009	0.6	1.0	
307.08233	18362394	79.8	425747	2.0	3.1	
307.11870	4286503	17.1	406043	0.4	0.7	
307.15848	3165236	12.1	407022	0.3	0.5	
308.04930	9341276	39.6	416425	1.0	1.6	
308.05276	3369309	13.0	436694	0.3	0.6	
308.08565	3291496	12.7	428584	0.3	0.6	
309.02521	22188700	96.8	410507	2.6	3.7	
309.04636	3871395	15.2	436255	0.4	0.7	
309.06160	44176040	194.7	414191	5.4	7.4	
309.08276	5173935	21.0	429944	0.5	0.9	
309.09798	11850420	50.8	424256	1.3	2.0	
309.11911	26768058	117.2	420915	3.2	4.5	
309.17328	9835212	41.8	757687	0.7	1.7	
309.17412	100979408	447.5	412291	11.4	17.0	
309.17496	8622797	36.4	622683	0.8	1.4	
310.02856	3502050	13.6	412626	0.3	0.6	
310.06494	6218734	25.7	410874	0.7	1.0	
310.12244	3874816	15.3	462575	0.4	0.7	
310.17746	15717394	68.0	417126	1.8	2.6	
311.04000	5080358	20.6	815007	0.3	0.9	
311.04086	45815080	202.0	416445	5.3	7.7	
311.06201	3994925	15.8	421073	0.4	0.7	
311.07725	57988400	256.1	407946	7.0	9.7	
311.07811	5018930	20.3	809330	0.4	0.8	
311.09245	4011319	15.9	391660	0.5	0.7	
311.09836	7599417	31.8	419195	0.8	1.3	
311.11364	7150910	29.8	423214	0.8	1.2	
311.16777	2917711	11.0	951278	0.1	0.5	
311.16864	31249742	137.1	410899	3.6	5.2	
311.16955	3368271	13.0	471378	0.2	0.6	
311.22279	17634656	76.5	413815	2.1	3.0	
312.04420	7122532	29.5	418963	0.8	1.2	
312.08060	8128112	33.9	436562	0.8	1.4	
312.17200	5611149	22.8	438200	0.5	0.9	
312.22610	3543710	13.7	456818	0.3	0.6	
312.98469	4812683	19.3	400352	0.5	0.8	
312.99899	5373839	21.7	426792	0.6	0.9	
313.02013	4129686	16.3	473319	0.4	0.7	
313.03533	3103643	11.7	362231	0.3	0.5	
313.05651	15697825	67.3	417215	1.8	2.6	
313.07176	4690854	18.7	416601	0.5	0.8	
313.09290	12584876	53.6	414583	1.4	2.1	
313.11411	2606003	9.5	442420	0.2	0.4	
313.23845	10164186	42.9	452218	1.1	1.7	
314.97935	5016049	20.2	416546	0.5	0.8	
315.01464	26049020	113.0	406202	3.2	4.4	
315.05104	5310983	21.5	421576	0.6	0.9	
315.07216	40016396	174.7	407413	4.7	6.7	
315.07304	3697165	14.3	780852	0.2	0.6	
315.08740	11233810	47.6	398416	1.4	1.9	
315.10852	6085144	24.9	421098	0.6	1.0	
315.18131	12380718	52.7	421642	1.4	2.1	
316.01798	4145963	16.3	410437	0.4	0.7	
316.07552	6507325	26.7	415670	0.7	1.1	
316.99382	2994255	11.2	460978	0.3	0.5	
317.03029	9081946	38.1	422491	1.0	1.5	
317.03368	3112027	11.8	438352	0.3	0.5	
317.05142	2777184	10.3	444047	0.2	0.5	
317.05482	6564961	27.0	424894	0.7	1.1	
317.06447	5185636	20.9	405934	0.6	0.9	
317.06667	19725412	85.1	400134	2.5	3.3	
317.07007	8602725	36.0	400839	1.0	1.4	
317.08782	5006443	20.1	414647	0.5	0.8	
317.10308	8436847	35.3	425866	1.0	1.4	
318.07003	3376525	12.9	409506	0.3	0.6	
319.00954	5437087	22.0	412389	0.6	0.9	
319.04594	69869224	306.5	400433	8.6	11.7	
319.06706	3530416	13.6	429899	0.3	0.6	
319.08233	17555124	75.5	398859	2.2	2.9	
319.10348	5897915	24.1	386663	0.7	1.0	
319.11867	7157439	29.6	385656	0.9	1.2	
320.04931	11739083	49.8	415807	1.3	2.0	
320.08569	3108822	11.7	422681	0.3	0.5	
321.02521	22446306	97.1	403205	2.9	3.8	
321.06156	24371436	105.6	359056	3.4	4.1	
321.06405	10420461	44.0	683741	0.8	1.7	
321.06497	105242864	462.7	395069	12.9	17.7	
321.07886	3655921	14.2	523183	0.3	0.6	
321.08273	79487216	349.0	394939	10.0	13.3	
321.09799	10862839	46.0	408657	1.3	1.8	
321.21050	4188439	16.5	401452	0.5	0.7	
322.02853	2994685	11.1	432481	0.3	0.5	
322.06496	3554824	13.6	409774	0.4	0.6	
322.06832	13087240	55.3	405149	1.6	2.2	
322.08607	10150413	42.5	411499	1.2	1.7	
323.00446	7465742	30.7	415672	0.8	1.3	
323.04086	118481688	516.7	394263	14.6	19.9	
323.04420	7154457	29.3	285850	1.0	1.2	
323.06917	2470688	8.8	331525	0.3	0.4	
323.07724	44114720	191.1	396368	5.8	7.4	
323.09838	12829480	54.2	411825	1.5	2.2	
323.11364	7508780	30.9	415439	0.9	1.3	
323.13477	4193074	16.4	411145	0.4	0.7	
323.22276	2799434	10.3	462046	0.2	0.5	
323.25919	2855765	10.5	470920	0.2	0.5	
324.04422	16540717	70.4	398462	2.1	2.8	
324.08059	7793719	32.1	398509	0.9	1.3	
324.11691	2525249	9.1	407492	0.2	0.4	
324.99900	6571314	26.8	406655	0.7	1.1	
325.01914	2807095	10.3	1237070	0.1	0.5	
325.02012	28771640	124.0	393493	3.7	4.8	
325.04127	7800125	32.2	419151	0.9	1.3	
325.05651	35865920	155.0	392809	4.8	6.0	
325.07671	4973895	19.8	826483	0.3	0.8	
325.07765	50193736	217.7	398537	6.1	8.4	
325.07856	5236040	20.9	690211	0.4	0.9	
325.09290	28353868	122.1	400340	3.7	4.8	
325.11406	5721425	23.1	409409	0.6	1.0	
325.12929	5099861	20.3	379486	0.6	0.9	
325.18429	30008676	129.4	393411	4.0	5.0	
326.02346	4535879	17.9	449253	0.5	0.8	
326.05985	4906577	19.5	414838	0.5	0.8	
326.08098	4816470	19.1	405259	0.5	0.8	
326.09626	5107290	20.4	410839	0.6	0.9	
326.18765	6198899	25.2	428481	0.7	1.0	
326.97826	5211974	20.8	408813	0.6	0.9	
326.98164	2694983	9.8	332233	0.3	0.5	
327.01463	4365136	17.1	376744	0.5	0.7	
327.03575	4683606	18.5	412457	0.5	0.8	
327.05105	3896153	15.1	439978	0.4	0.7	
327.05446	3090266	11.5	411004	0.3	0.5	
327.07216	13109087	55.4	387581	1.7	2.2	
327.08743	10237795	42.8	407405	1.2	1.7	
327.09332	4099941	16.0	391542	0.5	0.7	
327.10855	9516905	39.7	406190	1.1	1.6	
327.12379	2570093	9.3	376548	0.3	0.4	
327.18131	18106236	77.3	386573	2.4	3.0	
327.21772	7411590	30.5	421543	0.8	1.2	
328.18466	3691653	14.2	475802	0.3	0.6	
328.99389	7557465	31.1	394793	0.9	1.3	
329.03030	5656930	22.8	443093	0.6	0.9	
329.05144	3586408	13.7	438235	0.3	0.6	
329.06669	8565100	35.5	402610	1.0	1.4	
329.08781	14993777	63.7	387427	1.9	2.5	
329.10304	8810869	36.6	392444	1.1	1.5	
329.12421	2949499	10.9	416351	0.3	0.5	
329.13949	3582335	13.7	457276	0.3	0.6	
329.16059	3360132	12.7	402355	0.3	0.6	
329.23335	34245016	147.9	391435	4.7	5.8	
330.23671	7035546	28.8	387669	0.9	1.2	
331.00953	5131104	20.5	387363	0.6	0.9	
331.04594	8616809	35.7	412493	1.0	1.4	
331.04937	3733354	14.4	432257	0.4	0.6	
331.06707	55290736	240.0	385074	7.5	9.3	
331.06803	4803439	19.0	755399	0.3	0.8	
331.08232	18008946	76.8	387528	2.4	3.0	
331.11871	15403900	65.4	388665	2.0	2.6	
331.24900	18901918	80.8	388754	2.5	3.2	
332.07043	8371310	34.3	397855	1.0	1.4	
332.08568	3650673	13.9	413681	0.4	0.6	
332.12203	2865275	10.5	400937	0.3	0.5	
332.25242	3580059	13.6	450394	0.3	0.6	
333.02521	17395038	73.5	392312	2.4	2.9	
333.05923	13716838	57.5	374644	2.0	2.3	
333.06159	30895462	132.0	380155	4.3	5.2	
333.06263	3374439	12.7	577292	0.3	0.6	
333.06389	3044711	11.2	638607	0.2	0.5	
333.06496	28953960	123.6	381838	3.8	4.9	
333.06594	3628392	13.8	675843	0.3	0.6	
333.09794	21974384	93.3	362958	3.4	3.7	
333.10134	70069616	302.0	382077	9.5	11.8	
333.10234	6966641	28.2	501890	0.7	1.2	
333.12613	5940599	23.8	428529	0.6	1.0	
334.02851	3151447	11.7	433245	0.3	0.5	
334.06490	5097056	20.1	410776	0.6	0.9	
334.06831	4012641	15.4	428988	0.4	0.7	
334.10136	4550249	17.8	365818	0.6	0.8	
334.10470	10763882	44.7	380226	1.4	1.8	
335.00446	2890568	10.6	385109	0.3	0.5	
335.03662	2647888	9.5	584701	0.2	0.4	
335.04085	57618256	248.0	379481	7.8	9.7	
335.04187	5619537	22.4	667532	0.4	0.9	
335.04278	6883153	27.9	273965	1.0	1.2	
335.07717	23678810	100.7	296594	3.8	4.0	
335.08061	224587616	972.2	375594	30.8	37.7	
335.09706	3774302	14.4	430254	0.4	0.6	
335.09841	6711135	27.1	386897	0.8	1.1	
335.11363	13066082	54.7	379288	1.7	2.2	
335.17116	8222577	33.7	385899	1.0	1.4	
335.20752	5087097	20.1	420797	0.6	0.9	
336.04422	9023557	37.2	395662	1.1	1.5	
336.08071	3615822	13.7	408580	0.4	0.6	
336.08396	30773326	131.5	378401	4.3	5.2	
336.08502	3039311	11.2	934433	0.2	0.5	
336.97253	3195174	11.9	438264	0.3	0.5	
337.02012	61927728	266.6	377569	8.8	10.4	
337.02114	5435698	21.6	785208	0.4	0.9	
337.05650	35959096	154.0	380502	5.0	6.0	
337.05840	7045435	28.6	297860	1.2	1.2	
337.07111	5433662	21.6	429498	0.6	0.9	
337.07640	8925503	36.7	360090	1.2	1.5	
337.07770	6957375	28.2	317550	0.9	1.2	
337.09289	22884674	97.3	379196	3.1	3.8	
337.11400	5052744	19.9	391546	0.6	0.8	
337.12924	5196108	20.6	385567	0.7	0.9	
337.13262	4299085	16.7	418098	0.5	0.7	
337.20542	31158622	133.2	378574	4.5	5.2	
338.02346	9986594	41.3	386218	1.3	1.7	
338.05988	5831211	23.3	416115	0.7	1.0	
338.09623	4453939	17.3	371447	0.5	0.7	
338.20872	4009550	15.4	412259	0.5	0.7	
339.03576	20525842	87.1	375073	2.9	3.4	
339.05692	3666711	13.9	400389	0.4	0.6	
339.07215	78803736	339.8	374862	11.2	13.2	
339.09329	75625248	326.1	372621	10.6	12.7	
339.10854	14258979	59.9	376344	1.9	2.4	
339.11190	4091684	15.8	390274	0.5	0.7	
339.12972	3032872	11.2	378937	0.3	0.5	
339.19993	17126200	72.3	385677	2.3	2.9	
339.25409	8958790	36.9	387524	1.1	1.5	
340.03909	2798590	10.2	380520	0.3	0.5	
340.07552	12960775	54.2	390077	1.7	2.2	
340.09664	10232843	42.4	394259	1.3	1.7	
340.20334	4269093	16.5	420782	0.5	0.7	
341.03031	5696741	22.7	385425	0.7	1.0	
341.05144	12965098	54.3	386098	1.7	2.2	
341.06675	4818158	18.9	382074	0.6	0.8	
341.08781	35075316	150.2	373475	5.1	5.9	
341.10304	7589110	30.9	396691	1.0	1.3	
341.10894	23254264	98.9	382649	3.2	3.9	
341.12420	7279867	29.6	400949	0.9	1.2	
341.13945	3494143	13.2	376905	0.4	0.6	
341.26968	2506013	8.9	469441	0.2	0.4	
342.09116	6280667	25.3	384599	0.8	1.1	
342.11235	2918879	10.7	423635	0.3	0.5	
343.00955	4530861	17.5	392655	0.5	0.8	
343.04596	7919286	32.1	360819	1.1	1.3	
343.06705	7814842	31.6	378033	1.0	1.3	
343.08233	9610942	39.3	375238	1.4	1.6	
343.10346	7820995	31.6	381848	1.0	1.3	
343.11870	4203206	16.1	403009	0.5	0.7	
343.21258	4597468	17.8	384546	0.6	0.8	
344.98435	2755693	9.9	527632	0.2	0.5	
344.98882	61225068	261.1	369598	9.0	10.3	
345.02520	8058998	32.7	386608	1.1	1.4	
345.02854	2645623	9.4	376366	0.3	0.4	
345.06159	24811646	104.6	371398	3.8	4.2	
345.06495	3414143	12.7	348366	0.4	0.6	
345.08273	5738627	22.7	377014	0.7	1.0	
345.09800	14870662	61.9	375139	2.0	2.5	
345.11912	3386507	12.6	393067	0.4	0.6	
345.13441	2843791	10.3	372511	0.3	0.5	
345.19189	4472988	17.3	422652	0.5	0.8	
345.22826	24664228	104.0	363429	3.7	4.1	
345.99216	10410318	42.8	382647	1.4	1.7	
346.06490	4103519	15.7	392046	0.5	0.7	
346.10132	3358055	12.5	348868	0.4	0.6	
346.23157	4733316	18.4	424070	0.5	0.8	
347.00446	3199536	11.8	388135	0.4	0.5	
347.04087	14809656	61.7	373537	2.1	2.5	
347.07265	3879487	14.7	496633	0.4	0.7	
347.07724	93420096	399.4	364175	13.3	15.7	
347.09833	4639301	18.0	394609	0.6	0.8	
347.11366	12261960	50.7	377717	1.7	2.1	
347.11701	4017737	15.3	401144	0.5	0.7	
348.04425	2773781	10.0	358043	0.3	0.5	
348.08059	17300252	72.4	374341	2.5	2.9	
349.02011	22363114	94.1	365205	3.3	3.8	
349.05650	31538162	133.5	365636	4.6	5.3	
349.05980	2855923	10.3	373843	0.3	0.5	
349.09176	3255290	12.0	688285	0.2	0.5	
349.09288	18586618	77.9	374353	2.6	3.1	
349.09626	3702779	13.9	383228	0.5	0.6	
349.11404	5991423	23.8	365110	0.8	1.0	
349.12930	7123971	28.6	386571	0.9	1.2	
350.02351	3344581	12.4	438549	0.3	0.6	
350.05985	5301453	20.8	371707	0.7	0.9	
350.09621	3798229	14.3	378545	0.5	0.6	
351.03468	3722656	14.0	719564	0.2	0.6	
351.03579	36928928	156.7	367484	5.6	6.2	
351.05691	4267429	16.4	393815	0.5	0.7	
351.07103	3497384	13.1	790040	0.2	0.6	
351.07215	38108584	161.7	360415	5.5	6.4	
351.07551	13020584	54.0	361144	2.0	2.2	
351.09333	5291436	20.8	372893	0.7	0.9	
351.10855	13864367	57.6	380971	2.0	2.3	
351.18467	5817792	23.0	380014	0.8	1.0	
351.20246	4324804	16.6	399435	0.5	0.7	
352.03916	5582455	22.0	363410	0.7	0.9	
352.07553	5830271	23.1	396690	0.7	1.0	
352.99389	2629443	9.3	390004	0.3	0.4	
353.01502	4753224	18.4	370697	0.7	0.8	
353.05143	81624912	348.7	362083	12.0	13.7	
353.05257	7290704	29.3	682629	0.7	1.2	
353.07256	13012820	53.9	355124	1.9	2.2	
353.08782	28860248	122.0	365062	4.4	4.8	
353.10892	8195932	33.2	384555	1.1	1.4	
353.12418	8994655	36.7	391522	1.2	1.5	
353.19560	3225454	11.9	525138	0.3	0.5	
353.20034	75202416	321.1	360476	11.1	12.6	
353.20147	6446959	25.7	488342	0.7	1.1	
354.05477	12320804	51.0	370060	1.7	2.1	
354.09121	4342828	16.7	377132	0.6	0.7	
354.20369	13201476	54.7	368959	1.9	2.2	
355.03069	10055922	40.8	356994	1.4	1.7	
355.04596	3237109	11.8	379309	0.4	0.5	
355.04782	2877174	10.3	293351	0.4	0.5	
355.04934	4794614	18.4	373378	0.7	0.8	
355.06704	12431610	50.9	355802	1.9	2.1	
355.08240	6766845	26.8	372168	0.9	1.1	
355.08819	23232766	96.8	363097	3.4	3.9	
355.08935	2740478	9.7	601118	0.2	0.5	
355.10345	10318081	41.9	376137	1.5	1.7	
355.11879	5355781	20.8	387683	0.7	0.9	
355.13986	4011273	15.1	370051	0.5	0.7	
355.19607	2689301	9.5	340697	0.3	0.5	
355.24900	5347616	20.8	404831	0.7	0.9	
356.09155	2622929	9.2	371266	0.3	0.4	
356.98886	3393164	12.5	370411	0.4	0.6	
357.02524	5720724	22.4	390796	0.7	1.0	
357.04631	3943064	14.8	368578	0.5	0.7	
357.06159	6245019	24.6	377556	0.8	1.0	
357.06500	4334236	16.5	343390	0.6	0.7	
357.08271	7948960	31.8	361754	1.2	1.3	
357.09800	9654946	39.1	373316	1.3	1.6	
357.10388	7092900	28.2	345364	1.1	1.2	
357.11911	8358567	33.6	368779	1.2	1.4	
357.13437	2987690	10.7	381359	0.3	0.5	
357.19197	2778806	9.9	435273	0.3	0.5	
357.26467	10252997	41.6	367211	1.5	1.7	
359.00448	7515182	30.0	354375	1.1	1.3	
359.02161	5723185	22.4	375547	0.8	1.0	
359.04086	8791093	35.4	372465	1.2	1.5	
359.04421	2502710	8.7	401973	0.2	0.4	
359.06201	3939385	14.8	384844	0.5	0.7	
359.07727	13374525	54.9	357769	2.1	2.2	
359.09837	9937985	40.3	368976	1.4	1.7	
359.11360	9364548	37.9	365606	1.3	1.6	
359.11948	3346501	12.3	335881	0.5	0.6	
359.15010	4443212	16.9	392611	0.5	0.7	
360.08066	2803467	10.0	326043	0.4	0.5	
361.02012	6884812	27.3	378143	0.9	1.2	
361.04455	4225489	16.0	380609	0.5	0.7	
361.05651	18712018	77.6	348482	3.0	3.1	
361.05980	3693012	13.7	355833	0.5	0.6	
361.07772	5047768	19.5	389057	0.6	0.8	
361.09175	3016154	10.9	613709	0.2	0.5	
361.09291	25454042	106.3	358335	3.9	4.3	
361.09630	2519515	8.8	385744	0.3	0.4	
361.11399	2573791	9.0	439381	0.3	0.4	
361.12931	5830114	22.8	378728	0.8	1.0	
362.05985	3445408	12.7	362163	0.5	0.6	
362.07764	2723492	9.6	375596	0.3	0.5	
362.09628	4841128	18.6	382313	0.7	0.8	
362.99933	3321695	12.2	396561	0.4	0.6	
363.03578	17868646	74.0	362822	2.9	3.0	
363.07216	31188846	130.7	346367	5.3	5.2	
363.07390	8309614	33.4	261553	1.4	1.4	
363.07559	10336111	42.0	327170	1.7	1.7	
363.10692	8746869	35.2	347149	1.3	1.5	
363.10849	22546294	93.9	311642	4.0	3.8	
363.11192	192808816	817.9	351001	30.1	32.4	
363.11705	5799799	22.7	404067	0.8	1.0	
363.14494	2676605	9.4	402597	0.3	0.4	
364.03921	2624562	9.2	364220	0.3	0.4	
364.07551	5797946	22.7	350503	0.9	1.0	
364.11201	3781697	14.1	354475	0.6	0.6	
364.11408	3283009	12.0	727236	0.2	0.6	
364.11527	31451202	131.8	356331	4.8	5.3	
364.11648	3098690	11.2	743753	0.2	0.5	
365.00382	3562741	13.2	364242	0.5	0.6	
365.01501	3336439	12.2	408438	0.4	0.6	
365.05143	29894910	125.2	346079	5.1	5.0	
365.08781	24373510	101.7	344832	4.1	4.1	
365.08975	4288775	16.3	267295	0.8	0.7	
365.10236	4074761	15.4	345083	0.6	0.7	
365.10774	7295242	29.1	317685	1.3	1.2	
365.11615	2826508	10.1	394681	0.3	0.5	
365.12420	13404429	55.0	357520	2.1	2.3	
365.16400	6904086	27.4	349729	1.1	1.2	
366.05472	5272009	20.5	362151	0.8	0.9	
366.09112	5016017	19.4	378808	0.7	0.8	
366.12755	3023320	10.9	417269	0.4	0.5	
367.03068	10201741	41.0	354445	1.6	1.7	
367.04930	7787153	30.8	327609	1.3	1.3	
367.05179	7862930	31.1	344783	1.2	1.3	
367.06706	39045780	162.3	340343	6.7	6.6	
367.08163	4301464	16.1	443295	0.5	0.7	
367.08823	4785817	18.2	343924	0.7	0.8	
367.10347	18434716	75.6	350471	3.0	3.1	
367.10561	2666652	9.3	305258	0.4	0.4	
367.11872	3478175	12.7	309577	0.5	0.6	
367.12460	13359776	54.2	358133	2.1	2.2	
367.13988	4815523	18.3	363715	0.7	0.8	
368.07040	6400862	25.0	377981	0.9	1.1	
368.10687	3204965	11.5	399015	0.4	0.5	
368.98881	3472406	12.7	363865	0.5	0.6	
369.04635	18140194	74.4	343658	2.9	3.0	
369.06164	2906149	10.3	350183	0.4	0.5	
369.06500	4771878	18.1	321147	0.8	0.8	
369.06746	14216230	57.8	350731	2.3	2.4	
369.08273	16780328	68.6	350749	2.7	2.8	
369.09805	4897836	18.7	346348	0.7	0.8	
369.10388	10042413	40.3	356681	1.6	1.7	
369.11911	11340848	45.8	352321	1.8	1.9	
369.14021	2848820	10.0	421066	0.3	0.5	
370.08608	2711794	9.5	406323	0.3	0.5	
371.00447	27471274	113.6	337243	4.8	4.6	
371.04083	8834480	35.2	360339	1.3	1.5	
371.04423	2593713	9.0	337604	0.3	0.4	
371.06196	6751669	26.5	362489	1.0	1.1	
371.07722	6735288	26.4	346765	1.1	1.1	
371.08060	6911417	27.1	320311	1.1	1.2	
371.09834	12058044	48.8	337385	2.0	2.0	
371.11364	9194943	36.7	338269	1.5	1.5	
371.11950	2468288	8.4	378038	0.3	0.4	
371.13473	2873795	10.1	350059	0.4	0.5	
371.14995	3046854	10.9	371987	0.4	0.5	
371.24392	5559769	21.4	380607	0.8	0.9	
372.00786	4947570	18.9	393334	0.6	0.8	
372.10169	3115652	11.2	391422	0.4	0.5	
372.98375	16015156	65.4	348736	2.6	2.7	
373.02012	11734844	47.4	347549	1.9	2.0	
373.03721	5777215	22.4	354700	0.9	1.0	
373.05646	10100547	40.5	333023	1.7	1.7	
373.05984	4551492	17.2	353718	0.6	0.8	
373.07760	4855623	18.5	350788	0.7	0.8	
373.09289	16510794	67.5	347112	2.7	2.8	
373.11404	4259662	16.0	350392	0.6	0.7	
373.12930	6295378	24.5	358229	1.0	1.1	
373.22315	4681572	17.7	359269	0.7	0.8	
373.25957	22228844	91.5	346476	3.8	3.7	
373.98722	2920445	10.3	390604	0.3	0.5	
374.09627	3891218	14.4	366921	0.5	0.7	
374.26293	5204020	19.9	317229	0.8	0.9	
375.03576	12095694	48.9	354450	2.0	2.0	
375.05687	2853586	10.1	312194	0.4	0.5	
375.07217	23179476	95.5	344124	4.0	3.9	
375.07558	3570902	13.1	330444	0.6	0.6	
375.09330	5740761	22.2	353354	0.8	1.0	
375.10854	17821916	73.0	343305	3.0	3.0	
375.14508	3149028	11.3	375471	0.4	0.5	
375.18468	6869228	26.9	353566	1.0	1.2	
376.07547	5710237	22.1	345682	0.9	1.0	
376.11186	4743589	18.0	335013	0.7	0.8	
377.01505	5995097	23.3	372185	0.8	1.0	
377.05143	61854304	258.2	335743	10.8	10.4	
377.08781	95654504	400.3	334587	16.5	16.1	
377.10896	2949740	10.5	386704	0.4	0.5	
377.12422	13898350	56.5	343010	2.4	2.3	
377.16062	2891382	10.2	378290	0.4	0.5	
377.20028	4178558	15.6	378885	0.5	0.7	
378.05478	12104488	49.0	352127	1.9	2.0	
378.09118	18961200	77.8	342199	3.3	3.2	
378.12753	2820919	9.9	319250	0.4	0.5	
379.03069	26211308	108.3	337821	4.6	4.4	
379.05511	6886385	27.0	360232	1.1	1.2	
379.06461	3236851	11.7	251313	0.6	0.5	
379.06706	32658418	135.4	333763	5.9	5.5	
379.08819	4205559	15.7	350373	0.6	0.7	
379.09231	2468856	8.4	393447	0.3	0.4	
379.10345	49992700	208.3	335229	9.1	8.4	
379.13990	7101442	27.9	343960	1.1	1.2	
379.21598	7666705	30.3	342055	1.2	1.3	
379.23379	4500501	17.0	346264	0.7	0.8	
380.03398	3916981	14.5	395990	0.5	0.7	
380.07042	5696700	22.0	325573	0.9	1.0	
380.10678	9721027	38.9	354221	1.6	1.6	
381.04632	14448000	58.1	331717	2.6	2.4	
381.08274	26580360	108.6	337851	4.9	4.5	
381.10388	7742860	30.3	350331	1.2	1.3	
381.11912	21304718	86.6	339938	3.8	3.6	
381.23165	19207590	77.9	337506	3.4	3.2	
382.08615	5049937	19.1	349885	0.8	0.8	
382.12250	3606105	13.1	382160	0.4	0.6	
382.23496	4460143	16.6	342955	0.7	0.7	
383.04096	3151634	11.2	375524	0.4	0.5	
383.06199	23181078	94.4	335135	4.2	3.9	
383.07721	5065497	19.1	319234	0.8	0.9	
383.08065	16164634	65.3	328444	3.0	2.7	
383.09838	14612253	58.8	336205	2.5	2.5	
383.11368	5500705	20.9	356704	0.8	0.9	
383.11955	7495458	29.2	338627	1.2	1.3	
383.13476	8083237	31.7	346419	1.3	1.4	
384.06539	4264929	15.8	345158	0.6	0.7	
384.10170	2855912	9.9	327011	0.4	0.5	
385.02013	7043235	27.3	336987	1.1	1.2	
385.05652	6084778	23.4	330152	1.0	1.0	
385.05990	10479786	41.6	341238	1.8	1.8	
385.07766	7790766	30.5	342025	1.3	1.3	
385.09289	9754801	38.6	333908	1.7	1.6	
385.11403	8661173	34.1	343148	1.4	1.5	
385.12932	7882937	30.8	322089	1.4	1.3	
385.22317	13654220	54.8	338848	2.4	2.3	
386.22648	3179928	11.3	309467	0.5	0.5	
387.03578	11741757	46.9	335957	2.0	2.0	
387.05692	9505345	37.6	336748	1.6	1.6	
387.06027	2777666	9.6	340708	0.4	0.5	
387.07216	8686148	34.2	326122	1.6	1.5	
387.07550	4028997	14.8	354550	0.6	0.7	
387.09324	4633161	17.3	349404	0.7	0.8	
387.10855	9288268	36.7	344588	1.6	1.6	
387.12967	4790864	18.0	360123	0.7	0.8	
387.14495	6251092	24.1	343587	1.0	1.0	
389.01510	2873299	10.0	369591	0.4	0.5	
389.05141	13122523	52.6	334066	2.3	2.2	
389.07593	3179488	11.3	329524	0.5	0.5	
389.08783	13458402	54.0	327046	2.4	2.3	
389.09116	2517475	8.5	324058	0.4	0.4	
389.10893	3446759	12.4	356171	0.5	0.6	
389.12417	9608170	38.0	339658	1.6	1.6	
389.16068	4815858	18.1	354141	0.7	0.8	
390.09116	2874546	10.0	365780	0.4	0.5	
391.03070	9760117	38.6	346400	1.6	1.6	
391.06708	42474876	174.6	328626	7.7	7.1	
391.10347	17202564	69.6	332537	3.1	2.9	
391.13984	8883596	35.0	330393	1.6	1.5	
391.17962	3745172	13.6	341053	0.5	0.6	
392.07038	8416846	33.0	340521	1.4	1.4	
392.10679	4349526	16.1	343772	0.7	0.7	
393.00989	2485011	8.4	404659	0.3	0.4	
393.04633	12410650	49.7	334061	2.2	2.1	
393.08273	19734306	80.1	326195	3.7	3.3	
393.11912	18857770	76.5	328562	3.5	3.2	
393.15547	3039025	10.7	365039	0.4	0.5	
393.19524	14012218	56.3	321621	2.6	2.4	
394.08611	4127734	15.2	330078	0.7	0.7	
394.12243	3050493	10.7	348215	0.4	0.5	
394.19860	2860046	9.9	325073	0.4	0.5	
395.02553	3501245	12.5	333541	0.6	0.6	
395.06199	22593732	90.9	326230	4.4	3.8	
395.08314	4759753	17.6	330576	0.8	0.8	
395.09839	22347980	89.9	325276	4.4	3.8	
395.11950	6777041	25.9	340492	1.1	1.1	
395.13478	7399636	28.5	325994	1.3	1.2	
395.21090	2762980	9.4	387491	0.3	0.5	
396.06536	3860891	13.9	361094	0.6	0.6	
396.10174	4202915	15.4	345877	0.6	0.7	
396.98377	2750048	9.4	319967	0.4	0.5	
397.02014	3668584	13.2	358219	0.5	0.6	
397.04128	6339180	24.1	344334	1.0	1.1	
397.05637	2473583	8.2	318917	0.4	0.4	
397.05988	14037616	55.8	323850	2.6	2.4	
397.07765	23167604	93.3	322107	4.5	3.9	
397.09296	2624119	8.9	342651	0.3	0.4	
397.09879	12329592	48.7	321230	2.3	2.1	
397.11401	14336636	57.0	330194	2.7	2.4	
397.15036	2945668	10.2	357340	0.4	0.5	
397.22655	41067156	166.8	318219	8.1	6.9	
397.22796	3617428	12.9	626762	0.4	0.6	
398.04465	2513733	8.4	328159	0.3	0.4	
398.08106	4210509	15.4	330538	0.7	0.7	
398.11730	3241813	11.4	376429	0.4	0.5	
398.22994	7154541	27.5	329718	1.2	1.2	
399.03576	5080093	19.0	347171	0.8	0.9	
399.05691	4768801	17.7	322314	0.9	0.8	
399.07214	5172260	19.3	337942	0.8	0.9	
399.07541	2710565	9.2	346335	0.4	0.5	
399.09330	9290793	36.3	320749	1.7	1.6	
399.10852	4975660	18.5	299266	0.9	0.8	
399.11434	2909230	10.0	372518	0.4	0.5	
399.12965	4838449	18.0	335982	0.8	0.8	
399.14498	3055668	10.6	368948	0.4	0.5	
399.27526	2607185	8.8	313311	0.4	0.4	
401.01507	5152207	19.2	330520	0.9	0.9	
401.05141	11855319	46.8	320800	2.2	2.0	
401.07259	3226076	11.3	330685	0.5	0.5	
401.08782	8115679	31.4	322562	1.5	1.4	
401.09128	2758112	9.4	307094	0.4	0.5	
401.10890	4386276	16.1	332917	0.7	0.7	
401.12420	10229223	40.1	335447	1.8	1.7	
401.16058	3742191	13.5	326862	0.6	0.6	
402.05476	3179190	11.1	376009	0.4	0.5	
403.03067	6684561	25.5	344139	1.2	1.1	
403.05517	2727830	9.3	284521	0.5	0.5	
403.06706	9578392	37.4	333266	1.7	1.6	
403.07052	3310489	11.7	280079	0.7	0.6	
403.08827	3880861	14.0	351882	0.6	0.7	
403.10349	16172961	64.5	316726	3.2	2.7	
403.13985	8009641	31.0	337279	1.4	1.3	
403.21596	4642746	17.2	356860	0.7	0.8	
404.10685	3691651	13.2	328849	0.6	0.6	
405.04634	22661464	91.2	309073	4.7	3.8	
405.08271	19851616	79.7	308939	4.3	3.3	
405.11911	15985001	63.8	319318	3.1	2.7	
405.15559	4462962	16.4	333989	0.7	0.7	
405.23154	2756995	9.4	363934	0.4	0.5	
406.04959	3320383	11.7	337910	0.5	0.6	
406.08606	4024903	14.6	306995	0.7	0.7	
406.12246	4170319	15.2	335699	0.7	0.7	
407.02556	6695712	25.6	336968	1.2	1.1	
407.06199	37268264	151.2	315015	7.6	6.3	
407.09838	17025842	68.0	310144	3.5	2.9	
407.13475	11094841	43.7	315201	2.2	1.9	
407.17123	2604866	8.8	364852	0.4	0.4	
407.24721	3018580	10.5	314537	0.5	0.5	
408.06532	6949907	26.6	312237	1.3	1.2	
408.10170	3673115	13.2	325697	0.6	0.6	
408.13826	2501668	8.3	389221	0.3	0.4	
409.04118	5340408	20.0	331666	0.9	0.9	
409.06576	3335422	11.8	342466	0.5	0.6	
409.07764	14638337	58.2	314734	2.9	2.5	
409.11404	17927434	71.7	311556	3.7	3.0	
409.15043	6180114	23.5	323188	1.1	1.0	
409.19016	3512603	12.5	356349	0.5	0.6	
410.08112	2652655	9.0	322430	0.4	0.4	
410.11736	3215863	11.3	369392	0.5	0.5	
410.99936	6811339	25.8	315729	1.2	1.1	
411.03575	2962131	10.1	334409	0.4	0.5	
411.05689	9043672	34.9	318919	1.7	1.5	
411.07201	2923228	10.0	325891	0.5	0.5	
411.07559	3031773	10.4	313115	0.5	0.5	
411.09328	30461664	122.1	306986	6.4	5.1	
411.10848	4579045	16.7	317200	0.9	0.8	
411.11434	2589926	8.6	278825	0.5	0.4	
411.12965	7325418	27.9	327441	1.3	1.2	
412.09660	6025172	22.6	329896	1.1	1.0	
413.01509	3827892	13.7	328431	0.6	0.6	
413.03607	2770105	9.4	346076	0.4	0.5	
413.05133	5816509	21.8	295300	1.1	1.0	
413.07253	7475394	28.5	324184	1.3	1.3	
413.08778	5130438	19.0	295347	1.0	0.9	
413.09115	9593030	37.1	303381	1.9	1.6	
413.10898	6123723	23.0	326057	1.1	1.0	
413.12410	3677390	13.1	311248	0.6	0.6	
413.13012	7999696	30.7	313069	1.5	1.3	
413.14533	3270867	11.4	296887	0.6	0.5	
413.25448	7545070	28.8	318879	1.4	1.3	
414.95242	3072659	10.6	354368	0.4	0.5	
415.03061	4530854	16.5	349214	0.7	0.8	
415.06710	9802415	38.0	314465	1.9	1.6	
415.07047	3161776	11.0	295095	0.6	0.5	
415.08820	15807156	62.5	313090	3.2	2.7	
415.10352	7191224	27.4	329640	1.3	1.2	
415.12458	2978494	10.2	341617	0.5	0.5	
415.13986	14308033	56.3	312139	2.9	2.4	
416.09162	3003313	10.3	335385	0.4	0.5	
416.14326	3366846	11.8	318070	0.5	0.6	
417.04633	8426658	32.4	295960	1.8	1.4	
417.07274	3364009	11.8	309014	0.6	0.6	
417.08276	10458284	40.7	318267	2.0	1.8	
417.08616	2628781	8.8	236179	0.5	0.4	
417.10393	3445937	12.1	330443	0.6	0.6	
417.11913	10441909	40.6	315271	2.0	1.8	
417.15549	26039486	104.1	305695	5.6	4.4	
418.08603	2585005	8.6	327116	0.4	0.4	
418.15889	6493632	24.5	297784	1.3	1.1	
418.95479	3175053	11.0	354277	0.5	0.5	
419.02556	6280863	23.7	322198	1.2	1.1	
419.02898	7990944	30.6	277279	1.8	1.3	
419.06199	9242281	35.7	312868	1.8	1.6	
419.09837	15152818	59.8	304551	3.2	2.5	
419.13479	14964412	59.0	306493	3.1	2.5	
419.16959	3671749	13.0	566143	0.4	0.6	
419.17116	38614724	155.3	308049	7.9	6.5	
419.17274	3380934	11.8	628825	0.4	0.6	
420.10187	2919352	10.0	357190	0.4	0.5	
420.13814	2880449	9.8	324455	0.5	0.5	
420.17452	9525195	36.9	317858	1.9	1.6	
421.04124	9676975	37.5	305618	1.9	1.6	
421.06576	3944629	14.1	292806	0.7	0.7	
421.07766	13801656	54.3	306297	3.0	2.3	
421.11402	21420226	85.3	299714	4.7	3.6	
421.15044	7796940	29.8	320219	1.5	1.3	
421.22659	15431904	60.9	313668	3.3	2.6	
422.08089	3358147	11.7	301491	0.6	0.6	
422.11733	4829644	17.7	311830	0.9	0.8	
422.22993	3305962	11.5	365429	0.5	0.6	
423.02059	3079870	10.6	306346	0.6	0.5	
423.05693	9247431	35.7	302345	1.9	1.6	
423.07553	2510541	8.3	330928	0.4	0.4	
423.09329	16497361	65.3	300967	3.5	2.8	
423.12965	12159707	47.6	308099	2.6	2.0	
423.24221	2807545	9.5	312809	0.4	0.5	
424.09668	3871712	13.8	343348	0.7	0.7	
424.13301	3120106	10.8	309082	0.5	0.5	
425.05118	2659556	8.9	312733	0.5	0.4	
425.07262	12123369	47.4	303555	2.5	2.0	
425.08772	2597101	8.6	388278	0.3	0.4	
425.10897	10415347	40.5	307494	2.1	1.7	
425.12999	5133561	19.0	288725	1.1	0.9	
425.14543	5264637	19.5	346198	0.9	0.9	
425.25784	9645340	37.3	311186	2.0	1.6	
427.03075	3595012	12.7	330688	0.6	0.6	
427.05194	3745546	13.3	331929	0.6	0.6	
427.06711	4263694	15.4	271495	0.9	0.7	
427.07047	14114575	55.5	296108	3.0	2.4	
427.08820	5433108	20.2	319881	1.1	0.9	
427.10344	4890392	18.0	304558	1.0	0.8	
427.12459	12963614	50.9	304595	2.7	2.2	
427.14566	3781412	13.5	320431	0.7	0.6	
428.12796	3053621	10.4	350589	0.5	0.5	
429.01011	3221804	11.1	318882	0.5	0.5	
429.03448	8659251	33.0	315944	1.9	1.5	
429.04631	5335350	19.6	327277	1.0	0.9	
429.08269	6164800	22.9	297631	1.3	1.0	
429.08599	3195201	11.0	282168	0.6	0.5	
429.10387	3612998	12.7	340605	0.6	0.6	
429.11915	5316939	19.5	293311	1.1	0.9	
429.12486	2770252	9.3	327164	0.4	0.5	
429.14012	2565457	8.4	318399	0.4	0.4	
431.02562	4463462	16.1	328453	0.8	0.7	
431.06200	7140209	26.9	290989	1.5	1.2	
431.08313	3262327	11.2	308271	0.5	0.5	
431.09839	9663355	37.1	311290	1.9	1.6	
431.11957	3568513	12.5	306847	0.6	0.6	
431.13476	11953029	46.3	295070	2.6	2.0	
433.04124	9434536	36.1	308266	1.9	1.6	
433.07761	13190579	51.3	304706	2.8	2.2	
433.11398	11101629	42.9	291147	2.6	1.9	
433.15041	15017416	58.6	302011	3.3	2.5	
434.08102	3397334	11.8	323585	0.6	0.6	
434.11739	3176160	10.9	313091	0.6	0.5	
434.15372	3721963	13.1	317652	0.7	0.6	
435.05695	14407666	56.2	295499	3.3	2.4	
435.09328	12044285	46.6	293006	2.6	2.0	
435.12973	7563272	28.6	305135	1.6	1.3	
435.16614	3054610	10.4	326792	0.5	0.5	
436.06012	3132696	10.7	290084	0.6	0.5	
436.09659	2593059	8.5	310060	0.4	0.4	
436.13308	2743598	9.1	316297	0.5	0.5	
437.03627	2818616	9.4	359251	0.5	0.5	
437.07257	10222147	39.3	288697	2.3	1.7	
437.09113	3691081	13.0	315934	0.7	0.6	
437.10896	32836174	130.5	285783	7.9	5.5	
437.14528	7946841	30.1	280786	1.8	1.3	
437.22145	4227695	15.1	340419	0.7	0.7	
438.11227	7224184	27.2	297835	1.6	1.2	
439.05182	4809872	17.5	260235	1.1	0.8	
439.07633	16723095	65.5	293626	3.9	2.8	
439.08817	10669211	41.1	298481	2.4	1.8	
439.10350	3252384	11.2	285876	0.6	0.5	
439.10680	6599841	24.7	291915	1.4	1.1	
439.12459	32214182	128.0	286660	7.9	5.4	
439.16110	3141809	10.7	285970	0.7	0.5	
440.07951	2836933	9.5	291609	0.5	0.5	
440.09167	3171784	10.9	313478	0.6	0.5	
440.12797	7054803	26.5	305592	1.5	1.2	
441.04641	3255016	11.2	313656	0.6	0.5	
441.06749	7540463	28.5	312846	1.6	1.3	
441.08280	4202227	15.0	288597	0.9	0.7	
441.08611	5517044	20.3	326006	1.0	0.9	
441.10390	7261946	27.4	310517	1.5	1.2	
441.11909	4126462	14.7	289938	0.8	0.7	
441.14008	2955013	10.0	343109	0.5	0.5	
441.16140	7683851	29.1	291212	1.7	1.3	
441.25276	17665830	69.3	290924	4.2	3.0	
442.25622	3504215	12.2	325712	0.6	0.6	
443.02567	5556546	20.5	306023	1.2	0.9	
443.06197	5527885	20.4	320798	1.1	0.9	
443.08314	4518228	16.3	323101	0.8	0.8	
443.09828	4843864	17.6	313992	1.0	0.8	
443.10175	12104025	46.9	298205	2.8	2.0	
443.11954	5192031	19.0	284987	1.1	0.9	
443.13476	4716899	17.1	319964	0.9	0.8	
443.19232	2841973	9.5	328510	0.5	0.5	
445.04119	6536109	24.4	282281	1.5	1.1	
445.06765	2834357	9.5	293034	0.5	0.5	
445.07768	7947192	30.1	290993	1.8	1.3	
445.11406	7586755	28.7	282327	1.7	1.3	
445.15032	3067854	10.4	261797	0.7	0.5	
447.02067	2893330	9.6	310596	0.5	0.5	
447.05697	13379101	51.5	287471	3.2	2.2	
447.06046	2989598	10.0	281119	0.6	0.5	
447.09332	12559912	48.2	285168	2.9	2.1	
447.12960	8152628	30.6	289146	1.8	1.4	
447.16606	3227199	11.0	275267	0.6	0.5	
448.06016	2988886	10.0	285691	0.6	0.5	
448.09685	2635618	8.6	319095	0.5	0.4	
449.03617	5824648	21.3	294577	1.2	1.0	
449.07258	11024531	42.1	285955	2.5	1.9	
449.10893	11258015	43.0	285839	2.6	1.9	
449.14534	10377386	39.5	282843	2.5	1.7	
449.26984	2884817	9.6	355570	0.5	0.5	
450.11234	2936282	9.8	314642	0.5	0.5	
451.05183	9157379	34.6	282916	2.1	1.5	
451.08821	11045647	42.2	298346	2.5	1.9	
451.10353	2609940	8.5	283097	0.5	0.4	
451.10684	3341077	11.4	321850	0.6	0.6	
451.12463	10791706	41.1	288208	2.5	1.8	
451.16097	6742822	25.0	306249	1.4	1.1	
451.28528	3160909	10.7	296097	0.6	0.5	
452.09169	2615373	8.5	287407	0.5	0.4	
452.12790	3020888	10.1	309881	0.5	0.5	
453.06750	6913412	25.7	282769	1.6	1.2	
453.08616	2795913	9.2	288783	0.5	0.5	
453.10389	10550671	40.2	287997	2.5	1.8	
453.11898	4062612	14.3	313006	0.7	0.7	
453.12511	5922198	21.7	286927	1.3	1.0	
453.14031	6172059	22.7	297520	1.3	1.0	
453.30101	5133774	18.6	297068	1.1	0.9	
453.58202	3660328	12.7	267900	0.8	0.6	
455.06199	4476930	15.9	285034	1.0	0.8	
455.08318	5046281	18.2	307768	1.0	0.8	
455.09843	5173261	18.7	289555	1.2	0.9	
455.10171	3643406	12.6	316790	0.7	0.6	
455.11943	5666836	20.7	303255	1.2	1.0	
455.13463	2499609	8.0	303495	0.4	0.4	
455.15600	4446240	15.8	302446	0.9	0.7	
455.31671	16015443	62.0	278064	4.1	2.7	
456.32000	4798871	17.2	299289	1.0	0.8	
457.04122	5988991	22.0	279297	1.4	1.0	
457.06220	2978438	10.0	299830	0.6	0.5	
457.07761	5886603	21.6	297422	1.3	1.0	
457.09887	3699346	12.8	299326	0.7	0.6	
457.11407	4016791	14.1	285683	0.9	0.7	
457.11996	2862745	9.5	315844	0.5	0.5	
457.13533	3390110	11.6	285776	0.7	0.6	
459.05689	6466829	23.9	291178	1.4	1.1	
459.09330	6434073	23.7	279640	1.5	1.1	
459.12968	5885220	21.6	280396	1.3	1.0	
459.13566	3012902	10.1	314267	0.6	0.5	
461.03616	4061074	14.3	299596	0.8	0.7	
461.07255	9537438	36.1	286617	2.4	1.6	
461.10891	10782634	41.1	277842	2.6	1.8	
461.13016	4337585	15.4	291816	0.9	0.7	
461.14536	5320630	19.3	270424	1.3	0.9	
462.07600	2531558	8.2	253693	0.5	0.4	
463.05179	7047719	26.2	274046	1.7	1.2	
463.06712	3695148	12.8	307910	0.7	0.6	
463.08816	22604338	88.3	275793	6.1	3.8	
463.12458	6396479	23.6	283976	1.5	1.1	
463.16086	4012618	14.1	313291	0.8	0.7	
464.09153	5006205	18.0	304695	1.1	0.8	
465.06746	12168382	46.6	268281	3.1	2.0	
465.10388	9657546	36.6	266400	2.4	1.6	
465.14025	10439894	39.7	284360	2.5	1.8	
466.07074	2755082	9.1	285302	0.5	0.5	
466.14371	2521634	8.1	291800	0.5	0.4	
467.04687	4384590	15.4	285006	1.0	0.7	
467.08310	10678105	40.2	261434	2.9	1.8	
467.09824	2714463	8.8	260219	0.6	0.5	
467.10174	6557536	23.9	278769	1.6	1.1	
467.11953	9572198	35.8	269829	2.4	1.6	
467.15591	16027506	61.3	275828	4.1	2.7	
468.15921	4489407	15.8	268893	1.1	0.8	
469.06240	3824107	13.2	311341	0.7	0.6	
469.07766	2982384	9.8	269436	0.7	0.5	
469.09874	5282295	18.9	302285	1.1	0.9	
469.11402	4594172	16.2	293337	1.0	0.8	
469.11735	3729917	12.8	278984	0.8	0.6	
469.13509	3826179	13.2	292811	0.8	0.6	
469.28409	3138101	10.5	311893	0.5	0.5	
469.29591	8921657	33.3	263158	2.4	1.5	
470.29930	2969479	9.8	309255	0.6	0.5	
471.05696	4543620	16.0	287444	1.0	0.8	
471.07803	2981003	9.8	283058	0.6	0.5	
471.09325	5037200	17.9	274636	1.2	0.8	
471.09685	3557521	12.1	218462	1.0	0.6	
471.11438	3749015	12.9	290175	0.8	0.6	
471.13555	69629088	272.8	266942	19.8	11.7	
471.31154	8066265	29.9	267816	2.0	1.4	
472.13890	11748846	44.4	278072	3.1	2.0	
473.03613	4241178	14.8	314512	0.9	0.7	
473.07258	5707558	20.6	274121	1.3	1.0	
473.10893	6795059	24.9	271008	1.6	1.1	
473.13976	2540349	8.1	277332	0.6	0.4	
473.14540	3190591	10.7	289846	0.6	0.5	
473.29075	2649967	8.5	316133	0.5	0.4	
473.32724	3738492	12.8	276814	0.9	0.6	
475.05177	4047294	14.0	313887	0.8	0.7	
475.08817	7223754	26.6	275934	1.8	1.2	
475.12465	5196247	18.6	280388	1.2	0.9	
475.16091	3056099	10.1	265645	0.7	0.5	
477.06748	12504164	47.4	271925	3.3	2.1	
477.10383	8989808	33.5	276331	2.3	1.5	
477.14033	4908156	17.4	283444	1.1	0.8	
477.17671	3635336	12.4	267834	0.8	0.6	
478.07079	3894710	13.4	255419	1.0	0.7	
479.04684	3066622	10.2	306277	0.6	0.5	
479.06184	4482820	15.7	251523	1.2	0.8	
479.06887	4669190	16.5	296748	1.0	0.8	
479.08322	7925515	29.3	258146	2.1	1.3	
479.10178	2800401	9.1	293342	0.5	0.5	
479.11952	5848855	21.1	260104	1.5	1.0	
479.15589	5469987	19.6	278880	1.3	0.9	
481.06240	6965670	25.5	271588	1.8	1.2	
481.09876	9331122	34.9	265571	2.4	1.6	
481.11751	4573625	16.1	273186	1.1	0.8	
481.13513	4520383	15.9	284775	1.0	0.8	
481.14139	3382721	11.4	267515	0.8	0.6	
483.07809	24355918	94.1	268432	6.7	4.1	
483.09333	4520020	15.9	251718	1.1	0.8	
483.09651	4533333	15.9	255323	1.2	0.8	
483.11442	3974235	13.7	279862	0.9	0.7	
483.12967	3967072	13.7	263973	0.9	0.7	
483.15085	3118183	10.4	279835	0.7	0.5	
483.27516	5067922	18.1	290363	1.2	0.9	
484.08128	4720034	16.7	250334	1.3	0.8	
485.05716	3204844	10.7	272813	0.8	0.5	
485.07257	5510897	19.8	288911	1.3	0.9	
485.09363	3558136	12.1	270291	0.8	0.6	
485.10900	4343549	15.2	280053	1.1	0.7	
485.11227	3905278	13.5	249772	1.0	0.7	
485.13015	3662596	12.5	270053	0.8	0.6	
485.14533	3334921	11.2	244347	0.8	0.6	
485.15128	7452428	27.5	272656	1.9	1.3	
485.27901	8939318	33.3	270009	2.4	1.5	
485.29093	7808827	28.9	280721	1.9	1.3	
486.29432	2999438	9.9	273248	0.6	0.5	
487.05193	4489614	15.8	284847	1.0	0.8	
487.08824	6037914	21.9	288794	1.4	1.0	
487.12460	5015974	17.8	251812	1.3	0.8	
487.18213	16492986	63.1	263570	4.6	2.8	
487.30649	9546212	35.7	257279	2.6	1.6	
488.18543	3154701	10.5	256678	0.8	0.5	
488.30992	2831159	9.1	253522	0.6	0.5	
489.06756	4381751	15.1	279653	1.0	0.7	
489.10389	5598275	19.9	278025	1.4	0.9	
489.14021	3701839	12.5	305557	0.7	0.6	
489.32205	2616461	8.3	247078	0.6	0.4	
491.08317	6297312	22.6	262611	1.6	1.1	
491.11944	4804332	16.8	273641	1.2	0.8	
493.06234	3392891	11.3	280873	0.8	0.6	
493.07763	5869953	20.9	271264	1.5	1.0	
493.09879	5298568	18.7	268744	1.3	0.9	
493.13518	5542292	19.7	267066	1.4	0.9	
494.13874	2545382	8.0	229988	0.7	0.4	
495.07803	4228131	14.5	253196	1.1	0.7	
495.11441	5817391	20.7	258313	1.5	1.0	
495.15083	2887739	9.3	294614	0.6	0.5	
497.03618	4046517	13.8	280285	1.0	0.7	
497.09358	5138120	18.1	244169	1.4	0.9	
497.11227	3157711	10.4	237886	0.9	0.5	
497.13009	10393300	38.6	252169	3.0	1.7	
497.14517	3162842	10.4	267090	0.7	0.5	
497.29087	8865546	32.6	258019	2.5	1.5	
498.13324	2901029	9.4	265058	0.7	0.5	
498.29408	2890843	9.3	316660	0.6	0.5	
499.05179	2902361	9.4	278059	0.6	0.5	
499.08815	4219238	14.5	293078	1.0	0.7	
499.10935	3239277	10.7	277191	0.7	0.5	
499.12439	4084082	14.0	244464	1.1	0.7	
499.12801	9193843	33.9	248438	2.7	1.5	
499.16683	18258304	69.2	255832	5.6	3.1	
499.27006	4393379	15.2	264331	1.2	0.7	
499.30651	26532270	101.4	255146	8.3	4.5	
500.17015	3840720	13.0	273222	0.9	0.6	
500.30983	9173759	33.8	263057	2.5	1.5	
501.03097	3049456	9.9	284681	0.7	0.5	
501.06746	4232188	14.5	252559	1.1	0.7	
501.08855	4004867	13.7	260417	1.0	0.7	
501.10375	3865608	13.1	265542	1.0	0.6	
501.14014	3490836	11.7	284503	0.8	0.6	
501.14614	6429718	23.1	251504	1.8	1.1	
501.28571	3652677	12.3	276917	0.9	0.6	
501.32217	18799696	71.3	258013	5.6	3.2	
502.32548	6319520	22.7	252782	1.7	1.1	
503.04670	3024528	9.8	244151	0.9	0.5	
503.08303	5156509	18.1	253092	1.4	0.9	
503.11951	4388521	15.2	264815	1.2	0.7	
503.15573	2792117	8.9	273671	0.6	0.5	
503.16188	3767991	12.7	238995	1.0	0.6	
503.30148	4990693	17.5	284183	1.2	0.8	
503.33777	7155441	25.9	268678	1.9	1.2	
505.06237	7893295	28.8	255706	2.3	1.3	
505.09875	5413179	19.1	240264	1.7	0.9	
505.13517	4505927	15.6	263490	1.1	0.8	
505.17160	2863443	9.2	252614	0.7	0.5	
505.31701	2709891	8.6	302579	0.5	0.5	
507.07807	3384266	11.2	286572	0.7	0.6	
507.11446	3904470	13.3	271439	1.0	0.7	
507.15077	3655650	12.3	258732	0.9	0.6	
509.07253	5125724	18.0	284887	1.2	0.9	
509.09357	5215843	18.4	241695	1.5	0.9	
509.11221	2970217	9.6	257409	0.7	0.5	
509.13002	7050863	25.5	287152	1.8	1.2	
511.07309	4194540	14.4	246515	1.3	0.7	
511.09753	9910516	36.7	264647	2.8	1.7	
511.10943	4563192	15.8	252355	1.3	0.8	
511.14582	3482884	11.6	252292	0.8	0.6	
511.18174	2534672	7.9	293792	0.5	0.4	
512.10050	2587196	8.1	208359	0.8	0.4	
513.05223	8104818	29.3	259840	2.3	1.4	
513.06750	2840439	9.0	267312	0.7	0.5	
513.08863	5802878	20.4	255580	1.6	1.0	
513.10739	2552196	7.9	200965	0.8	0.4	
513.14015	2976655	9.5	208891	0.9	0.5	
513.14358	8489872	30.7	242578	2.8	1.4	
513.28586	6130622	21.7	262154	1.6	1.0	
515.08319	4926981	17.0	275430	1.3	0.8	
515.11949	3763729	12.5	249020	1.1	0.6	
515.15583	2654749	8.3	254523	0.7	0.4	
515.21344	7421487	26.6	259038	2.1	1.2	
515.26507	2928192	9.3	236223	0.8	0.5	
515.30145	19197516	71.9	250827	6.1	3.2	
516.21675	2763635	8.7	216742	0.9	0.5	
516.30473	6930320	24.7	271562	2.0	1.2	
517.06224	3307651	10.8	283231	0.7	0.6	
517.09864	4389007	15.0	273204	1.1	0.7	
517.13515	3652763	12.1	259221	1.0	0.6	
517.14103	5896349	20.8	244292	1.8	1.0	
517.28079	3130570	10.1	284133	0.7	0.5	
517.29738	2612431	8.1	246155	0.5	0.4	
517.30678	11071698	40.7	282083	3.2	1.9	
517.31708	315994336	1214.1	244489	100.0	53.1	
517.32746	10477785	38.4	276922	3.0	1.8	
518.32045	100839960	386.1	241963	34.2	16.9	
519.07816	4164361	14.1	283730	1.0	0.7	
519.11443	3689237	12.3	255576	1.0	0.6	
519.15067	3268384	10.6	277502	0.7	0.5	
519.15666	3408674	11.2	226392	1.0	0.6	
519.29633	3320655	10.8	269000	0.8	0.6	
519.32377	16114520	60.1	228238	5.5	2.7	
521.05715	2965887	9.5	238342	0.8	0.5	
521.09386	4011403	13.5	264622	1.0	0.7	
521.13021	3446166	11.3	297601	0.8	0.6	
521.20298	2621869	8.1	247564	0.7	0.4	
521.25780	5414335	18.9	263694	1.5	0.9	
523.07293	3905531	13.1	255803	1.1	0.7	
523.10923	4595719	15.7	249138	1.3	0.8	
523.14584	2512914	7.7	243795	0.7	0.4	
525.06760	3221100	10.4	266697	0.8	0.5	
525.08850	3486322	11.5	267359	0.8	0.6	
525.10393	2750071	8.6	273815	0.6	0.5	
525.12490	3719806	12.4	261509	1.0	0.6	
525.14063	3063427	9.8	220600	1.0	0.5	
527.08313	3554525	11.7	256032	0.9	0.6	
527.10432	2554084	7.9	271487	0.6	0.4	
527.15625	2745588	8.6	243183	0.8	0.5	
529.06239	2680638	8.4	269749	0.6	0.5	
529.09881	2661193	8.3	271056	0.6	0.4	
529.10458	2746187	8.6	240959	0.7	0.5	
529.13521	4280149	14.5	242468	1.3	0.7	
529.30520	3614600	12.0	282542	0.8	0.6	
531.07800	3989924	13.4	246499	1.2	0.7	
531.11442	3987887	13.4	257041	1.1	0.7	
531.15078	3519930	11.6	231858	1.1	0.6	
531.29635	7696870	27.7	249462	2.3	1.3	
532.29948	2676501	8.3	255531	0.7	0.4	
533.05732	2652153	8.2	294643	0.5	0.4	
533.09372	6939652	24.7	243469	2.3	1.2	
533.25777	2966581	9.5	288002	0.7	0.5	
533.31198	65422404	249.8	237519	22.3	11.0	
533.32300	2828361	8.9	278893	0.7	0.5	
534.31531	20571504	77.2	239832	7.2	3.5	
535.10938	3458653	11.3	279257	0.8	0.6	
535.14593	3130984	10.1	234483	0.8	0.5	
535.31868	3023515	9.7	242966	0.9	0.5	
537.06747	5916830	20.8	258173	1.7	1.0	
537.12491	3145903	10.1	187762	1.0	0.5	
539.10438	3810031	12.7	248482	1.1	0.6	
539.14060	7297786	26.1	242127	2.3	1.2	
540.14401	2594843	7.9	248048	0.7	0.4	
541.08347	5532969	19.1	243460	1.7	0.9	
541.09861	2894125	9.1	239475	0.9	0.5	
541.13515	2663735	8.2	244700	0.7	0.4	
541.17504	3865923	12.8	240232	1.2	0.6	
543.11434	3241833	10.4	276141	0.7	0.5	
545.09367	2962835	9.3	261367	0.7	0.5	
545.09944	3307925	10.6	232854	1.1	0.6	
545.13023	3058077	9.7	283985	0.7	0.5	
545.17221	2758057	8.5	200854	1.0	0.5	
547.10936	4051904	13.5	249826	1.1	0.7	
549.08882	3481052	11.3	267831	0.9	0.6	
549.12493	3602918	11.7	241200	1.1	0.6	
549.34330	5815841	20.2	257411	1.8	1.0	
551.10435	4564987	15.4	229372	1.5	0.8	
551.21336	5142552	17.6	242901	1.6	0.9	
555.07796	2741269	8.5	253851	0.7	0.5	
555.15062	2711592	8.4	197134	1.0	0.5	
557.09372	3597857	11.7	235858	1.1	0.6	
557.13004	2874922	9.0	299973	0.6	0.5	
557.15126	2809391	8.7	254408	0.7	0.5	
559.07280	3141661	10.0	252917	0.9	0.5	
559.10956	2675750	8.2	223432	0.8	0.4	
559.14574	2532399	7.7	238800	0.7	0.4	
559.32766	3901534	12.9	245197	1.1	0.7	
561.12512	2998822	9.4	263530	0.8	0.5	
563.14076	2568224	7.8	285000	0.6	0.4	
563.35888	2561111	7.8	211179	0.7	0.4	
565.08361	2653700	8.1	252492	0.8	0.4	
565.12025	2669069	8.2	215368	0.8	0.4	
567.09925	3682292	12.0	254032	1.1	0.6	
567.13562	2564093	7.8	269501	0.6	0.4	
569.09321	2962907	9.2	192352	1.1	0.5	
569.10277	3031517	9.4	208550	1.0	0.5	
569.11473	2804192	8.6	251079	0.7	0.5	
571.10932	2670530	8.1	245161	0.7	0.4	
571.18211	4172756	13.7	225939	1.3	0.7	
573.12486	3005861	9.3	208619	1.0	0.5	
573.13101	4445607	14.7	239688	1.4	0.7	
573.16131	2746798	8.4	237665	0.8	0.5	
575.14073	3149700	9.9	248738	0.9	0.5	
577.12011	2689367	8.1	218422	0.8	0.5	
581.04547	2750700	8.4	252726	0.8	0.5	
581.22390	3143957	9.8	228495	0.9	0.5	
589.04694	2837528	8.7	190502	1.1	0.5	
589.11985	2603049	7.8	224099	0.8	0.4	
589.19594	2735162	8.3	219075	0.9	0.5	
591.09926	2554345	7.6	248408	0.7	0.4	
595.09448	3411311	10.8	225661	1.1	0.6	
597.13425	4604729	15.3	219457	1.7	0.8	
597.27358	3202904	10.1	206274	1.2	0.5	
601.12881	2934456	9.0	213952	1.0	0.5	
603.17784	15296643	54.6	208771	6.7	2.6	
604.18121	4206947	13.6	208264	1.8	0.7	
605.19317	3103302	9.5	242483	1.0	0.5	
607.05770	4187111	13.5	231047	1.3	0.7	
615.28445	6152990	20.8	209807	2.5	1.0	
615.29380	5225248	17.4	194696	2.3	0.9	
631.20915	4551016	14.9	210068	1.8	0.8	
635.08909	3049727	9.3	206705	1.2	0.5	
667.36964	3397053	10.3	223400	1.3	0.6	
669.32780	4980721	16.0	183224	2.5	0.8	
675.08414	3004055	8.9	191452	1.3	0.5	
679.36974	9229235	31.4	185841	4.8	1.5	
680.37346	4539626	14.4	184183	2.2	0.8	
681.38582	4310566	13.2	176949	2.2	0.7	
687.33853	7957899	26.0	181601	4.3	1.3	
688.34214	2967248	8.5	226675	1.2	0.5	
695.36458	7940064	26.0	181542	4.3	1.3	
696.36823	3045681	8.8	188151	1.3	0.5	
697.38039	14224007	48.0	181083	8.7	2.4	
698.38364	7121884	23.1	186654	3.8	1.2	
703.11547	2634294	7.3	197346	1.1	0.4	
713.37542	2589794	7.1	186498	1.2	0.4	
735.21974	2820110	7.7	194759	1.3	0.5	
