m/z	I	S/N	Res.	I %	
143.10776	6999521	34.6	915084	1.5	
149.00916	11371656	57.4	862788	2.5	
149.04555	4077194	19.3	823839	0.9	
151.04007	8024819	39.9	848994	1.8	
153.01934	4323702	20.6	862880	0.9	
153.05573	3093625	14.2	840084	0.7	
155.03498	2754072	12.4	972673	0.6	
157.05062	5206233	25.2	821849	1.1	
157.12258	5343457	25.9	918022	1.2	
157.12340	78141152	406.1	798494	17.1	
158.12676	8026446	39.9	785746	1.8	
159.02990	8715190	43.5	809513	1.9	
159.06629	3291579	15.2	884107	0.7	
161.04555	30167226	155.4	790633	6.6	
161.04578	2993338	13.6	1443411	0.7	
162.03224	2648646	11.8	765349	0.6	
163.04007	5407711	26.2	804813	1.2	
165.04046	5264168	25.3	751182	1.2	
165.05571	6134570	29.9	770494	1.3	
166.02717	3929046	18.4	766095	0.9	
167.03498	10156178	50.6	755974	2.2	
169.01425	18550298	93.8	765921	4.1	
169.05062	4245026	19.9	751031	0.9	
170.99110	3683267	17.0	734372	0.8	
171.02989	3466956	15.9	723433	0.8	
171.06628	3854292	17.9	748054	0.8	
171.10267	6712796	32.7	728615	1.5	
171.13711	4325860	20.3	717196	0.9	
171.13806	29188068	148.7	793812	6.4	
171.13905	456843232	2356.9	731761	100.0	
172.14241	43663560	222.8	734648	9.6	
172.14268	3869897	17.9	1289242	0.8	
173.04554	5663646	27.2	760068	1.2	
173.08193	3488678	16.0	737666	0.8	
173.11831	6425007	31.1	749808	1.4	
175.02479	2507398	10.9	814123	0.5	
175.06119	6560655	31.7	722911	1.4	
177.01933	7367056	35.8	696651	1.6	
177.04046	27952534	141.5	720408	6.1	
177.04075	2663829	11.7	1280068	0.6	
177.05572	10030489	49.5	716115	2.2	
178.99857	3093938	13.9	855579	0.7	
179.03497	9627581	47.3	713860	2.1	
179.05503	4899779	23.1	783150	1.1	
179.05611	82339776	419.4	697957	18.0	
179.07137	3464135	15.7	758571	0.8	
180.05947	5834979	27.9	743135	1.3	
181.01425	6614524	31.8	716493	1.4	
181.05063	19493382	97.5	689474	4.3	
183.02989	5293666	25.0	721263	1.2	
183.06628	3196013	14.3	808045	0.7	
185.02778	2487516	10.7	648056	0.5	
185.04555	8109794	39.3	694084	1.8	
185.08194	3466478	15.7	657174	0.8	
185.11832	2645754	11.5	798442	0.6	
185.15471	7913222	38.3	705376	1.7	
187.04194	3506038	15.8	744904	0.8	
187.06118	4603261	21.4	710699	1.0	
187.09758	4607369	21.4	687146	1.0	
189.04046	3537444	16.0	675130	0.8	
189.07684	5932081	28.1	670886	1.3	
191.01972	3085539	13.6	707179	0.7	
191.03498	9174761	44.4	673968	2.0	
191.05611	18730736	92.6	660272	4.1	
191.07137	5375734	25.2	699608	1.2	
193.03539	3502022	15.7	671112	0.8	
193.05063	34007500	169.8	654699	7.4	
193.08701	2708186	11.7	595985	0.6	
194.05398	3586885	16.1	643349	0.8	
195.02989	7637176	36.5	659000	1.7	
195.05102	21683392	107.1	647785	4.7	
195.06628	9610438	46.4	676448	2.1	
195.13907	3804898	17.2	679214	0.8	
197.04420	4014023	18.2	734025	0.9	
197.04554	83361736	417.5	636021	18.2	
197.08194	2512086	10.7	672485	0.5	
197.15470	4765682	22.0	626869	1.0	
198.04890	8395093	40.3	645138	1.8	
199.06119	8856299	42.4	666089	1.9	
199.16767	3175702	13.9	782018	0.7	
199.16898	18797334	92.3	668413	4.1	
199.17035	366674720	1836.5	627411	80.3	
200.17371	49972400	248.6	634558	10.9	
200.17406	4639920	21.3	1211076	1.0	
201.04046	5630484	26.3	679880	1.2	
201.07686	3495971	15.5	626544	0.8	
201.11324	3200050	14.1	725054	0.7	
202.94139	3405614	15.0	633503	0.7	
203.05610	7651679	36.2	633233	1.7	
203.09250	2641262	11.2	707716	0.6	
205.03537	5916844	27.6	652207	1.3	
205.05064	5749938	26.7	590061	1.3	
205.05250	6483123	30.4	644944	1.4	
205.07177	6401212	30.0	653305	1.4	
207.02988	4255248	19.2	567916	0.9	
207.05102	8151065	38.6	630358	1.8	
207.06628	19791904	96.5	604683	4.3	
207.08742	4330537	19.6	651756	0.9	
208.06965	2678235	11.3	620086	0.6	
209.04555	15848333	76.9	624097	3.5	
209.06668	5539735	25.6	636398	1.2	
209.08191	4500382	20.4	628944	1.0	
209.15469	4563390	20.7	590201	1.0	
211.02480	3497738	15.4	602794	0.8	
211.06119	11319066	54.1	591933	2.5	
211.09761	3030827	13.0	601393	0.7	
213.04046	5879461	27.1	614443	1.3	
213.07684	4751030	21.6	560436	1.0	
213.18600	5152488	23.5	601309	1.1	
215.03279	4884035	22.1	578073	1.1	
215.05611	13342286	63.8	611391	2.9	
215.09247	2891871	12.3	587851	0.6	
215.12889	3251312	14.1	603411	0.7	
217.05065	2596857	10.8	723361	0.6	
217.07176	7995907	37.5	580385	1.8	
217.10815	2673685	11.2	660136	0.6	
219.02992	2862505	12.1	666351	0.6	
219.05101	10649011	50.5	573264	2.3	
219.06629	6021563	27.7	559655	1.3	
219.08743	3356101	14.6	586364	0.7	
221.00915	5710179	26.1	595756	1.2	
221.04554	10860917	51.4	574647	2.4	
221.06667	37005696	179.7	578209	8.1	
221.08193	5749126	26.2	610927	1.3	
222.07001	3093350	13.2	601571	0.7	
223.02480	4264249	19.0	619975	0.9	
223.06120	15871306	76.0	577598	3.5	
225.04046	10367255	48.7	574264	2.3	
225.07685	10414377	48.9	564162	2.3	
225.18599	5741919	26.1	613252	1.3	
227.05611	9557246	44.7	583091	2.1	
227.09248	3468048	15.0	548915	0.8	
227.20165	44995912	217.9	555804	9.8	
228.20500	7413563	34.2	564862	1.6	
229.07176	11796716	55.4	556145	2.6	
231.05102	7080142	32.5	546461	1.5	
231.06629	3620566	15.6	564793	0.8	
231.08742	5072096	22.7	574034	1.1	
233.04555	6840509	31.3	525766	1.5	
233.06668	19194056	91.4	557922	4.2	
233.08191	3186383	13.5	615644	0.7	
235.02483	5679273	25.5	588168	1.2	
235.04589	2413235	9.7	491724	0.5	
235.06120	9630907	44.6	558716	2.1	
235.08233	8606918	39.7	541693	1.9	
235.09760	3289805	13.9	546653	0.7	
236.10540	2462414	9.9	666958	0.5	
237.00411	2506392	10.1	493033	0.5	
237.04046	8317098	38.3	539299	1.8	
237.06160	20584628	97.6	553898	4.5	
237.07685	12343485	57.7	557133	2.7	
239.01974	5248156	23.4	571489	1.1	
239.05611	17214638	81.3	544476	3.8	
239.07726	6010042	27.1	566444	1.3	
239.09250	4925633	21.8	549545	1.1	
239.12649	4775123	21.1	544488	1.0	
239.12891	3130580	13.2	616035	0.7	
239.20167	3880185	16.8	529603	0.8	
241.03537	3227298	13.5	567227	0.7	
241.07177	13779125	64.3	542293	3.0	
241.10816	2801864	11.5	473139	0.6	
241.14453	3523802	15.0	609447	0.8	
241.21731	12407039	57.7	548520	2.7	
243.05105	5657770	25.2	522986	1.2	
243.08741	8434876	38.6	548157	1.8	
245.06669	11782321	54.7	528999	2.6	
245.10306	2437827	9.7	602038	0.5	
247.02480	6292634	28.1	541814	1.4	
247.06119	6165676	27.5	536701	1.3	
247.08233	13540535	62.8	520121	3.0	
249.03222	8564890	39.0	503947	1.9	
249.04045	6375583	28.5	560389	1.4	
249.06159	22163626	104.1	512060	4.9	
249.07687	7760049	35.2	536807	1.7	
251.05613	15709344	73.2	504771	3.4	
251.07494	3086506	12.8	588841	0.7	
251.07724	59073708	280.8	511740	12.9	
251.09251	6040755	26.8	558186	1.3	
252.05949	2587806	10.3	521702	0.6	
252.08060	6272681	27.9	535882	1.4	
253.03538	4179084	17.9	566130	0.9	
253.07177	12601503	58.0	517795	2.8	
253.10816	2683057	10.8	533624	0.6	
253.14210	2790594	11.3	552670	0.6	
253.21731	86354152	409.1	502627	18.9	
253.21787	7506153	33.7	947830	1.6	
254.22067	14936803	69.1	513072	3.3	
255.05101	7644294	34.4	510167	1.7	
255.08742	9669784	44.0	487780	2.1	
255.23295	97217760	460.8	497181	21.3	
255.23543	3543267	14.9	573963	0.8	
256.23632	17419994	80.9	517380	3.8	
257.06666	12456059	57.3	491910	2.7	
257.10304	4144269	17.7	490094	0.9	
259.06121	4312159	18.4	542406	0.9	
259.06308	2612320	10.4	511115	0.6	
259.08232	13055081	59.8	496850	2.9	
261.02282	2466859	9.7	530484	0.5	
261.04047	3926068	16.6	540437	0.9	
261.06159	5281854	23.0	521845	1.2	
261.07685	5363782	23.4	502972	1.2	
261.09798	4877392	21.1	519912	1.1	
261.13436	2913378	11.8	525839	0.6	
263.05611	9810963	44.4	477619	2.1	
263.05798	2499604	9.8	522381	0.5	
263.07725	19553310	90.5	482730	4.3	
263.09251	5609509	24.5	481567	1.2	
264.99898	3502022	14.5	509650	0.8	
265.03537	5461976	23.7	525550	1.2	
265.07176	13668329	62.3	478286	3.0	
265.09287	5701619	24.8	536631	1.2	
265.10815	3131387	12.7	552279	0.7	
265.14728	6160398	27.0	953365	1.3	
265.14791	73580560	344.0	482335	16.1	
266.15127	10187251	45.9	470055	2.2	
267.05103	14668708	67.0	482515	3.2	
267.07152	3140526	12.8	741500	0.7	
267.07216	20431790	94.1	491074	4.5	
267.08743	10791861	48.7	486981	2.4	
267.14371	3144656	12.8	513427	0.7	
267.19651	2580970	10.1	404065	0.6	
267.23296	3808251	15.9	461486	0.8	
269.03027	3898196	16.3	547535	0.9	
269.06668	22783846	105.1	478351	5.0	
269.08782	11814768	53.5	485231	2.6	
269.10308	5795703	25.2	488345	1.3	
269.13949	2924424	11.7	437813	0.6	
269.21228	3903403	16.3	482207	0.9	
269.24860	6870972	30.3	500192	1.5	
270.07002	3177792	12.9	483363	0.7	
271.04595	7365387	32.4	477432	1.6	
271.06117	3299090	13.4	443803	0.7	
271.08234	14859035	67.4	488873	3.3	
271.09757	3719971	15.4	502495	0.8	
271.22787	9804640	43.8	468018	2.1	
273.04050	3106474	12.5	493849	0.7	
273.06159	6921908	30.3	437742	1.5	
273.07683	6194875	26.9	486062	1.4	
273.09800	4593349	19.4	522069	1.0	
275.05614	5806663	25.1	501063	1.3	
275.07726	12636752	57.0	480655	2.8	
275.09251	3903063	16.2	478725	0.9	
277.03538	7318980	32.2	492923	1.6	
277.05648	2548173	9.9	453730	0.6	
277.07179	9166292	40.8	477748	2.0	
277.07365	5755349	24.9	462627	1.3	
277.09290	18482654	84.3	458784	4.0	
277.10812	3220965	13.0	525775	0.7	
277.14453	5579253	24.0	454933	1.2	
278.09623	2521501	9.7	532028	0.6	
279.01474	2652467	10.3	499237	0.6	
279.05103	7911747	34.7	459328	1.7	
279.07218	6074700	26.2	455498	1.3	
279.08741	11192659	49.9	463771	2.4	
279.23295	20052370	91.0	459663	4.4	
280.23636	3984201	16.5	501775	0.9	
281.03038	2462370	9.4	454908	0.5	
281.06667	13724849	61.7	452582	3.0	
281.08781	45571260	209.5	455928	10.0	
281.10305	6450369	27.9	473595	1.4	
281.24861	23477504	106.9	461782	5.1	
282.09115	5197417	22.1	471144	1.1	
282.25197	4506286	18.9	442395	1.0	
283.04593	5883903	25.3	452891	1.3	
283.08232	13598734	61.1	469050	3.0	
283.11872	3433502	13.9	463628	0.8	
283.26427	13815899	62.1	462910	3.0	
284.26764	2839041	11.2	518168	0.6	
285.06161	10103627	44.9	451380	2.2	
285.07679	2668881	10.4	475779	0.6	
285.09799	9927514	44.1	470339	2.2	
285.20713	3885959	16.0	489212	0.9	
287.05395	2906234	11.4	421314	0.6	
287.05613	4560507	19.0	479889	1.0	
287.07724	27305604	124.0	446600	6.0	
287.09248	3199626	12.8	460108	0.7	
287.11361	3563154	14.4	498008	0.8	
287.15003	3007137	11.9	499007	0.7	
288.08057	3280919	13.1	434209	0.7	
289.03537	2870674	11.2	458587	0.6	
289.05651	3134874	12.5	480906	0.7	
289.07175	7639456	33.2	464712	1.7	
289.09290	9773480	43.1	456928	2.1	
291.01468	4273301	17.7	499896	0.9	
291.05101	6159523	26.4	433547	1.3	
291.07215	6530219	28.1	463130	1.4	
291.07916	10386606	45.9	448437	2.3	
291.08741	8496305	37.2	427766	1.9	
291.10854	3883193	15.9	489673	0.9	
293.03030	4278163	17.7	493550	0.9	
293.06668	12165024	54.1	429577	2.7	
293.08780	17457064	78.6	444210	3.8	
293.10305	6719406	29.0	451755	1.5	
293.17585	12902345	57.5	427023	2.8	
293.17844	3297226	13.2	951302	0.7	
293.17920	35098572	160.0	440627	7.7	
293.17994	3964875	16.3	767743	0.9	
293.21222	6414295	27.6	455813	1.4	
294.17920	2582846	9.8	499254	0.6	
294.18256	5423424	22.9	410937	1.2	
295.00952	2479728	9.4	445944	0.5	
295.04593	6793853	29.2	440446	1.5	
295.08234	15680138	69.9	446691	3.4	
295.10346	14480018	64.4	444782	3.2	
295.11872	3159704	12.5	468673	0.7	
295.22787	3375807	13.5	425713	0.7	
296.08565	2634743	10.1	504714	0.6	
297.06160	8418644	36.6	449877	1.8	
297.08277	6280540	26.8	440653	1.4	
297.09797	11769185	52.0	439119	2.6	
297.15300	9076085	39.6	446819	2.0	
297.24352	22623636	101.8	431649	5.0	
298.24686	3935991	16.0	442875	0.9	
299.00544	4313088	17.8	462072	0.9	
299.05611	2457618	9.3	457781	0.5	
299.07724	12527641	55.5	441966	2.7	
299.09842	2909729	11.3	435591	0.6	
299.11362	4728870	19.7	437983	1.0	
300.99563	8411819	36.6	484047	1.8	
300.99899	186301104	853.0	423662	40.8	
301.05651	5376704	22.7	439066	1.2	
301.07175	8817349	38.4	455935	1.9	
301.09290	11401932	50.3	418588	2.5	
301.10817	4655825	19.3	426113	1.0	
302.00150	2681854	10.3	829337	0.6	
302.00235	28122110	127.0	425300	6.2	
303.00324	2885963	11.2	431215	0.6	
303.05104	5453146	22.9	431220	1.2	
303.07215	11402593	50.0	445527	2.5	
303.08741	8000871	34.5	437616	1.8	
303.10852	4192621	17.1	458869	0.9	
305.06667	7065579	30.2	432826	1.5	
305.08697	4644850	19.2	905066	1.0	
305.08781	51265520	231.9	418915	11.2	
305.10305	5298167	22.2	413330	1.2	
306.09116	5605683	23.6	458530	1.2	
307.04594	8536672	36.9	433193	1.9	
307.08233	12169835	53.5	417832	2.7	
307.10345	9081458	39.4	424854	2.0	
307.11868	3336822	13.2	429431	0.7	
309.06161	9762000	42.5	413326	2.1	
309.08274	6364374	27.0	423057	1.4	
309.09798	11125979	48.7	425844	2.4	
309.17071	6229233	26.4	401033	1.4	
309.17328	4441330	18.2	716160	1.0	
309.17413	45679860	206.4	410298	10.0	
310.06485	2875905	11.1	499291	0.6	
310.17750	6430243	27.3	455817	1.4	
311.04082	4344614	17.8	461420	1.0	
311.07725	19011376	84.7	412016	4.2	
311.09837	16545590	73.5	414465	3.6	
311.11361	6596411	28.1	436231	1.4	
311.16865	32712524	147.2	409965	7.2	
311.22278	11917148	52.3	410498	2.6	
312.08053	2712665	10.3	387282	0.6	
312.17199	6068340	25.5	419842	1.3	
313.05651	4264311	17.3	457370	0.9	
313.07175	2984315	11.5	441628	0.7	
313.09289	13572481	59.5	419499	3.0	
313.12932	2548108	9.5	445992	0.6	
313.23845	6359468	26.8	433640	1.4	
314.09628	2749091	10.4	477174	0.6	
315.01463	11357097	49.5	407848	2.5	
315.07215	12381114	54.1	413116	2.7	
315.08743	4883390	20.1	445061	1.1	
315.10855	10726340	46.6	400506	2.3	
315.18133	3113945	12.1	426746	0.7	
316.11194	2454750	9.1	445881	0.5	
317.06669	8017384	34.3	400967	1.8	
317.08781	8717806	37.5	403388	1.9	
317.10307	5412338	22.5	401818	1.2	
317.12419	2693112	10.2	386816	0.6	
319.04594	7796741	33.3	425545	1.7	
319.08232	10211343	44.3	405563	2.2	
319.10345	8783892	37.8	409698	1.9	
319.11874	3411993	13.4	434289	0.7	
321.06159	8436254	36.2	412419	1.8	
321.08273	11985444	52.3	397884	2.6	
321.09796	10224168	44.3	400991	2.2	
321.11905	3247662	12.7	419698	0.7	
321.21055	4334150	17.6	408558	0.9	
323.04085	8557601	36.5	404574	1.9	
323.07725	14144555	61.7	387457	3.1	
323.09837	105993264	475.3	392555	23.2	
323.09931	8803377	37.6	687318	1.9	
323.25913	2776154	10.5	480093	0.6	
324.08063	2542891	9.4	429271	0.6	
324.10171	14259505	62.2	401433	3.1	
324.99894	2526739	9.4	370678	0.6	
325.05654	7087650	29.9	391725	1.6	
325.07764	2880039	11.0	386368	0.6	
325.09290	15726123	68.8	391890	3.4	
325.10266	2915885	11.1	426030	0.6	
325.11405	5518896	22.8	397712	1.2	
325.12932	3709492	14.7	391515	0.8	
325.18429	33011266	146.6	393477	7.2	
326.18764	5676860	23.5	397636	1.2	
327.07215	7264278	30.7	412788	1.6	
327.08743	5632026	23.3	428171	1.2	
327.09328	4914203	20.1	395825	1.1	
327.10853	8966175	38.4	407655	2.0	
327.21769	2495546	9.2	466585	0.5	
329.06668	3658234	14.5	426844	0.8	
329.08778	12835327	55.8	375612	2.8	
329.10302	3705346	14.7	392082	0.8	
329.12420	4239880	17.1	418786	0.9	
329.23337	11799074	51.1	385795	2.6	
330.23674	2812688	10.6	460956	0.6	
331.04592	2663375	10.0	418017	0.6	
331.06708	14498772	63.3	393091	3.2	
331.08233	7570392	32.1	392848	1.7	
331.10345	9518044	40.8	402284	2.1	
331.11869	4802528	19.6	387656	1.1	
331.24897	7265279	30.7	399104	1.6	
332.25236	2532584	9.3	430444	0.6	
333.06159	9473442	40.3	387950	2.1	
333.08273	4760999	19.3	415573	1.0	
333.09798	10059178	43.0	384096	2.2	
333.11908	5469616	22.4	403777	1.2	
333.12615	4127153	16.4	378178	0.9	
335.04085	4751203	19.2	388795	1.0	
335.07723	10624875	45.5	373459	2.3	
335.08064	3000172	11.4	464590	0.7	
335.09841	8775536	37.2	392373	1.9	
335.11365	6328180	26.3	412666	1.4	
337.02016	2743579	10.3	465950	0.6	
337.05649	5196067	21.2	396728	1.1	
337.09291	13852971	59.9	371171	3.0	
337.11401	6136111	25.4	386856	1.3	
337.12925	3503411	13.6	422423	0.8	
337.20544	13291843	57.4	396558	2.9	
337.23592	2614090	9.7	349297	0.6	
338.09631	2987526	11.3	402307	0.7	
338.20879	2501150	9.2	447653	0.5	
339.07216	10003161	42.7	382937	2.2	
339.09329	9188061	39.1	387901	2.0	
339.10854	10482401	44.9	388833	2.3	
339.19994	16999156	74.0	380969	3.7	
339.25411	11436800	49.1	387910	2.5	
340.20331	3316683	12.8	438348	0.7	
341.06452	2636930	9.8	453862	0.6	
341.08784	12153990	52.3	380771	2.7	
341.10317	3863690	15.3	461676	0.8	
341.10452	8250506	34.9	428344	1.8	
341.10894	167634064	747.5	374707	36.7	
341.12425	4305038	17.2	398604	0.9	
342.11229	19883358	86.9	378166	4.4	
343.06703	3543588	13.7	422316	0.8	
343.08237	4494887	17.9	402868	1.0	
343.10347	11191852	47.7	390386	2.4	
343.11321	3826222	15.0	432869	0.8	
344.98883	6127535	25.2	400431	1.3	
345.06157	6383549	26.3	344498	1.4	
345.08274	5261250	21.3	375822	1.2	
345.09801	8110021	34.0	383724	1.8	
345.11910	3215305	12.3	436865	0.7	
345.22827	8482783	35.6	376062	1.9	
347.07725	15972691	68.9	372420	3.5	
347.09835	8737112	36.8	378577	1.9	
347.11367	6478171	26.7	378004	1.4	
348.08070	2875931	10.8	366504	0.6	
349.05655	4001500	15.7	381241	0.9	
349.09286	9935587	42.1	369825	2.2	
349.09481	6169315	25.4	356745	1.4	
349.11403	7955175	33.3	395240	1.7	
349.12928	2831082	10.6	421229	0.6	
351.03576	2506845	9.1	434807	0.5	
351.05455	2482273	9.0	420901	0.5	
351.07212	8780900	37.0	387584	1.9	
351.09322	4336745	17.2	376659	0.9	
351.10856	9260139	39.1	361484	2.0	
351.12972	3150960	12.0	413997	0.7	
351.20244	2692222	9.9	434755	0.6	
352.11202	2471213	9.0	328161	0.5	
353.05144	3424736	13.2	409451	0.7	
353.08779	12451303	53.2	376325	2.7	
353.10894	9289195	39.2	371964	2.0	
353.12417	5305838	21.5	413061	1.2	
353.20034	29789692	130.2	363150	6.5	
353.20150	3239421	12.4	805333	0.7	
354.20368	4853435	19.5	405103	1.1	
355.06701	3840862	14.9	330636	0.8	
355.08235	2629473	9.6	421826	0.6	
355.10346	12160868	51.5	374915	2.7	
355.12459	2995049	11.2	398601	0.7	
355.13982	2487147	8.9	379068	0.5	
355.24896	2732928	10.0	399672	0.6	
357.06154	2638034	9.6	425018	0.6	
357.08270	6244566	25.5	395680	1.4	
357.09797	5062873	20.3	385955	1.1	
357.10387	5007578	20.0	367499	1.1	
357.11908	8777949	36.6	361962	1.9	
357.26464	4968696	19.9	369553	1.1	
359.02160	6718012	27.6	393175	1.5	
359.07506	7430725	30.7	367630	1.6	
359.07726	6171206	25.2	377891	1.4	
359.09837	11960906	50.6	347453	2.6	
359.11368	4065868	15.9	365744	0.9	
359.11950	4304462	16.9	372360	0.9	
359.13474	2736720	10.0	334497	0.6	
361.05653	3040175	11.4	422838	0.7	
361.07205	2628529	9.6	449945	0.6	
361.07758	2673587	9.8	371296	0.6	
361.09287	10929077	46.1	350378	2.4	
361.11402	7879609	32.7	357013	1.7	
361.12932	3336124	12.7	405148	0.7	
363.07214	7720219	32.0	355936	1.7	
363.09329	5246238	21.1	349654	1.1	
363.10855	8375585	34.9	366173	1.8	
363.11208	3146018	11.8	375264	0.7	
363.12953	3312933	12.6	358573	0.7	
365.08779	11806339	50.0	350040	2.6	
365.10895	9729671	40.8	352530	2.1	
365.12415	6696586	27.5	358620	1.5	
366.10900	3701561	14.3	361871	0.8	
367.06707	5386211	21.5	364179	1.2	
367.10345	13572073	57.2	329514	3.0	
367.10533	11188201	46.8	334580	2.4	
367.12457	6559725	26.6	328390	1.4	
367.13999	2640880	9.5	359167	0.6	
368.10672	3324058	12.5	359503	0.7	
369.08272	7137606	29.2	345948	1.6	
369.10386	9533770	39.6	360084	2.1	
369.11909	9115980	37.8	369994	2.0	
371.00449	5337752	21.3	332845	1.2	
371.07723	3052196	11.3	390681	0.7	
371.09836	10943144	45.8	352201	2.4	
371.11367	3688107	14.1	343253	0.8	
371.11950	6294188	25.5	364719	1.4	
371.13480	4342446	17.0	386931	1.0	
371.24396	2562753	9.2	383326	0.6	
373.03724	7379963	30.2	363042	1.6	
373.05652	2593790	9.3	402489	0.6	
373.07760	2679810	9.7	374417	0.6	
373.09292	6865925	28.0	364885	1.5	
373.11401	8277000	34.1	343449	1.8	
373.12929	3178507	11.9	325032	0.7	
373.25956	13327393	56.2	354951	2.9	
375.07215	4709726	18.6	343562	1.0	
375.09334	5369185	21.4	339881	1.2	
375.10855	7974244	32.8	367314	1.7	
375.12973	3658088	14.0	338932	0.8	
377.05141	3529398	13.4	381380	0.8	
377.08559	9152188	37.9	307484	2.0	
377.08783	18267836	77.7	335360	4.0	
377.10895	9588416	39.8	347557	2.1	
377.12418	6543043	26.6	341312	1.4	
378.09111	4151147	16.1	371399	0.9	
379.06705	4413461	17.3	358892	1.0	
379.08259	2739224	10.0	405772	0.6	
379.10347	13082651	55.1	342177	2.9	
379.12463	6520863	26.5	359235	1.4	
379.13991	3157026	11.8	307089	0.7	
379.23372	2629682	9.5	394155	0.6	
380.10677	2673866	9.7	410017	0.6	
381.08274	6449525	25.9	352711	1.4	
381.10388	4538744	17.6	350842	1.0	
381.11911	9023867	37.0	350216	2.0	
381.23162	7848335	32.0	359005	1.7	
383.07721	2732753	9.8	336968	0.6	
383.09840	9921237	40.9	347328	2.2	
383.11951	12546776	52.3	337527	2.7	
383.13472	4817627	18.8	325805	1.1	
385.07773	2733104	9.8	369881	0.6	
385.09296	4058163	15.6	335764	0.9	
385.11405	8594486	35.2	349205	1.9	
385.12925	2633785	9.4	303562	0.6	
387.07205	2715024	9.8	401860	0.6	
387.09326	3694995	14.0	330837	0.8	
387.10856	5123478	20.2	340781	1.1	
387.12968	4867482	19.1	371030	1.1	
389.08784	4742901	18.5	347632	1.0	
389.10893	6008569	24.0	379287	1.3	
389.12421	4501244	17.5	374064	1.0	
391.06707	3946583	15.1	370733	0.9	
391.10345	9570398	39.4	325579	2.1	
391.12461	6064226	24.2	331616	1.3	
391.13985	5058660	19.9	332119	1.1	
393.08271	5820867	23.2	353017	1.3	
393.10385	4491719	17.4	341131	1.0	
393.11909	10111433	41.7	325614	2.2	
393.14036	2605517	9.3	348187	0.6	
395.09836	10971954	45.0	326253	2.4	
395.11949	12823350	52.9	327663	2.8	
395.13477	5223225	20.4	323257	1.1	
397.07769	3966111	15.0	359599	0.9	
397.11402	10517669	43.1	318588	2.3	
397.13520	4374698	16.8	323131	1.0	
397.22655	16469178	68.6	328206	3.6	
398.22974	3564917	13.3	326514	0.8	
399.09327	6557207	26.1	333671	1.4	
399.10853	2950682	10.7	399125	0.6	
399.11441	8433179	34.1	335143	1.8	
399.12966	6694430	26.7	333373	1.5	
401.05143	2713481	9.6	384012	0.6	
401.08784	3751824	14.1	305549	0.8	
401.10886	7073684	28.3	323792	1.5	
401.12429	5078935	19.8	326207	1.1	
401.13008	4196248	16.0	345649	0.9	
401.14532	2836379	10.2	364223	0.6	
403.10343	7194898	28.8	315512	1.6	
403.12455	6189334	24.5	320270	1.4	
403.13987	2868505	10.3	371348	0.6	
405.08275	3998356	15.1	337362	0.9	
405.10386	2988696	10.8	331280	0.7	
405.11908	6148763	24.3	350352	1.3	
405.14018	2621087	9.2	372608	0.6	
406.12233	2548576	8.9	300835	0.6	
407.06206	3703835	13.9	342578	0.8	
407.09840	7031842	28.1	333749	1.5	
407.11947	4557863	17.5	357504	1.0	
407.13474	6118442	24.2	315434	1.3	
409.07760	2670001	9.4	383861	0.6	
409.11403	8492472	34.4	319849	1.9	
409.13516	4142524	15.8	335237	0.9	
409.15041	2621887	9.2	362074	0.6	
411.09331	7268174	28.8	328307	1.6	
411.11444	4859730	18.6	339681	1.1	
411.12966	6539093	25.7	320799	1.4	
413.10895	8120563	32.4	329816	1.8	
413.13010	14067959	57.7	311657	3.1	
413.14529	3207418	11.6	334007	0.7	
415.08820	2547352	8.8	369712	0.6	
415.10343	3361435	12.3	294082	0.7	
415.12460	6142624	24.1	344010	1.3	
415.13975	2790051	9.9	384959	0.6	
417.08285	2906185	10.3	252586	0.6	
417.10392	3667021	13.6	350877	0.8	
417.11905	5022801	19.3	309803	1.1	
417.12517	2883666	10.2	304354	0.6	
417.14030	3317845	12.1	338357	0.7	
417.15548	3045465	10.9	251269	0.7	
419.09839	5166599	19.9	325482	1.1	
419.11954	4068876	15.3	353397	0.9	
419.13475	4046351	15.2	318709	0.9	
419.17112	8363543	33.5	310071	1.8	
421.07770	2956229	10.6	309712	0.6	
421.11399	6600654	26.0	321402	1.4	
421.13511	5111762	19.7	342182	1.1	
421.15051	3890134	14.5	318663	0.9	
423.09324	4991380	19.2	302858	1.1	
423.12961	6850972	27.1	298916	1.5	
425.10893	6312811	24.8	315129	1.4	
425.13005	5462896	21.2	331219	1.2	
425.14529	4008819	15.0	347670	0.9	
425.25785	3644302	13.5	328214	0.8	
427.08831	2673985	9.3	290930	0.6	
427.10358	2873668	10.2	308954	0.6	
427.12460	6819145	26.9	314527	1.5	
427.14568	2494798	8.6	323584	0.5	
429.08251	2929442	10.3	309634	0.6	
429.10378	3202855	11.5	360937	0.7	
429.11907	3332906	12.0	305498	0.7	
429.12488	5203756	19.8	291764	1.1	
429.14020	3495728	12.7	289432	0.8	
431.09834	4567311	17.2	298874	1.0	
431.11946	7770389	30.6	291812	1.7	
431.13473	9480472	37.8	289492	2.1	
431.14064	6566170	25.6	297095	1.4	
433.11400	5462788	20.9	291995	1.2	
433.13507	5186314	19.8	288855	1.1	
433.15037	3816205	14.0	302163	0.8	
435.09318	3369207	12.2	298479	0.7	
435.11425	2676989	9.3	308042	0.6	
435.12966	5750017	22.1	312101	1.3	
437.10888	5406458	20.7	316623	1.2	
437.13003	3414784	12.3	305050	0.7	
437.14531	3528452	12.8	354669	0.8	
439.07625	4294904	16.0	288951	0.9	
439.08566	2779386	9.7	303923	0.6	
439.12458	9564420	38.1	284738	2.1	
439.14566	3920138	14.5	301529	0.9	
441.10378	3603211	13.1	286549	0.8	
441.12488	2649873	9.1	268381	0.6	
441.14022	5114645	19.5	304313	1.1	
441.25276	6923058	27.0	306020	1.5	
443.11940	5111074	19.4	277847	1.1	
443.14057	4900136	18.6	286293	1.1	
445.11396	3913529	14.4	310580	0.9	
445.13515	4171583	15.5	305592	0.9	
447.11447	3327320	11.8	309387	0.7	
447.12965	4438364	16.4	296236	1.0	
447.13545	3005790	10.5	337964	0.7	
449.10892	4856699	18.2	287215	1.1	
449.13000	6484865	24.9	292616	1.4	
449.14541	4549509	16.9	302238	1.0	
451.12452	5846442	22.2	285722	1.3	
451.14575	3037615	10.6	313595	0.7	
453.10388	3037139	10.6	276077	0.7	
453.14021	4464606	16.5	287726	1.0	
455.11938	4223501	15.5	294567	0.9	
455.14081	3579411	12.9	298441	0.8	
455.15591	2786839	9.6	307342	0.6	
455.31661	4618821	17.2	298579	1.0	
457.11391	2551877	8.6	256342	0.6	
457.13521	5289035	19.9	280973	1.2	
459.09322	2481790	8.3	307571	0.5	
459.13544	2855562	9.9	267080	0.6	
459.15082	3851918	14.0	256167	0.8	
461.05848	3231927	11.4	315893	0.7	
461.10900	2590918	8.8	363519	0.6	
461.13011	4114636	15.1	269532	0.9	
461.14532	3557584	12.8	266090	0.8	
463.06706	3726081	13.5	296777	0.8	
463.12454	4213522	15.5	292661	0.9	
463.14581	3032856	10.6	296475	0.7	
465.10413	3048793	10.6	306187	0.7	
465.14024	5231971	19.7	274280	1.1	
467.11949	4333486	15.8	322123	0.9	
467.14060	6817716	25.9	280968	1.5	
467.15581	5052345	18.7	259974	1.1	
469.13512	5245447	19.5	287039	1.1	
471.12957	3375198	11.8	294457	0.7	
471.13549	4660320	17.1	287080	1.0	
471.15069	3362916	11.8	274056	0.7	
473.10882	3022515	10.4	303980	0.7	
473.13003	2828986	9.6	323971	0.6	
473.14538	2515647	8.3	267253	0.6	
475.12449	3574040	12.6	264042	0.8	
475.14563	3539230	12.5	259601	0.8	
477.10383	2485108	8.2	276929	0.5	
477.14029	3792767	13.5	258162	0.8	
479.11946	3616223	12.8	296019	0.8	
479.15576	3452394	12.1	258517	0.8	
481.13513	3528780	12.4	317136	0.8	
483.07809	3451558	12.1	258868	0.8	
483.15071	3736253	13.3	298738	0.8	
485.13015	2782500	9.4	317547	0.6	
485.15114	9004331	34.8	265568	2.0	
487.12451	2785171	9.4	276049	0.6	
487.14554	2942874	10.0	283450	0.6	
487.18215	5722021	21.4	276776	1.3	
491.11936	3184761	10.9	245517	0.7	
493.07742	5002978	18.2	284392	1.1	
493.13506	3237620	11.1	279746	0.7	
495.15086	3466609	12.0	243618	0.8	
497.13009	3753957	13.2	260868	0.8	
499.30657	3813016	13.4	268195	0.8	
501.14612	3113185	10.6	245202	0.7	
501.32205	3397913	11.7	295240	0.7	
503.11919	2492245	8.1	262692	0.5	
503.14053	2631516	8.6	243334	0.6	
503.16176	9104227	34.7	247526	2.0	
505.13501	3030488	10.2	291471	0.7	
505.15621	2786783	9.3	266365	0.6	
507.15084	2701403	8.9	280747	0.6	
509.13003	3076819	10.4	260851	0.7	
515.21330	4522603	16.0	261708	1.0	
517.31700	44403980	174.2	242763	9.7	
518.32042	13594186	52.0	259663	3.0	
519.15055	2801491	9.1	239213	0.6	
521.13008	2695626	8.7	267797	0.6	
527.14069	2807104	9.2	275354	0.6	
529.15621	2513854	8.0	279313	0.6	
533.31190	9658587	36.3	242974	2.1	
534.31524	3299862	11.1	279967	0.7	
551.14077	2791008	8.9	234905	0.6	
