m/z	I	S/N	Res.	I %	
103.00371	2600138	11.5	1337458	0.5	
111.00879	4593700	21.9	1271373	0.9	
129.01934	3725057	17.4	1023073	0.7	
133.05065	2526711	11.2	1107015	0.5	
143.10776	9885843	49.5	921935	1.9	
145.05064	3411637	15.8	883786	0.6	
147.02990	6938351	34.1	885569	1.3	
147.06629	7668464	37.9	895302	1.5	
149.00843	10841920	54.4	922731	2.1	
149.00917	137672512	714.5	834763	26.1	
149.02441	2712641	12.1	958376	0.5	
149.04556	6747970	33.1	878477	1.3	
149.06082	2762307	12.4	866087	0.5	
150.01252	6496115	31.8	833191	1.2	
151.04008	12022702	60.6	853210	2.3	
152.01151	4216813	20.0	911583	0.8	
153.01934	13277237	67.1	815441	2.5	
153.05572	5824568	28.3	832948	1.1	
155.03499	3441373	15.9	832447	0.7	
156.06661	3491135	16.2	875757	0.7	
157.01425	3977633	18.7	895694	0.8	
157.05063	37022116	190.7	795437	7.0	
157.12318	4624813	22.1	1759491	0.9	
157.12341	56543660	292.3	801896	10.7	
158.05399	3388180	15.6	803217	0.6	
158.12676	6332957	31.0	794258	1.2	
159.02990	55413384	286.2	780103	10.5	
159.06629	4234894	20.0	841234	0.8	
160.03326	3245835	14.9	895379	0.6	
161.04467	3627414	16.9	821831	0.7	
161.04555	40786836	210.1	772640	7.7	
161.06268	3470744	16.1	767787	0.7	
161.08193	4620699	22.0	832163	0.9	
162.03224	4369959	20.7	685386	0.8	
162.04889	2518057	11.1	857508	0.5	
163.04006	12752068	64.1	777353	2.4	
163.06120	9946311	49.6	777091	1.9	
165.01933	7055892	34.5	779052	1.3	
165.04046	12381720	62.0	767248	2.4	
165.05572	12112410	60.6	772509	2.3	
166.02716	8859341	43.8	769915	1.7	
167.03498	20289422	102.6	768472	3.9	
167.07135	2583446	11.3	816334	0.5	
168.00641	2873682	12.8	765470	0.5	
169.01328	10943780	54.2	802463	2.1	
169.01425	157507872	807.2	743437	29.9	
169.05062	6327596	30.5	719029	1.2	
169.12340	7030076	34.1	745380	1.3	
170.01760	11971071	59.5	754368	2.3	
170.99110	10021595	49.5	719780	1.9	
171.02990	4369125	20.5	769794	0.8	
171.06628	4612333	21.7	723514	0.9	
171.10266	5112565	24.3	758476	1.0	
171.13709	5591293	26.7	675585	1.1	
171.13806	36061948	183.3	794706	6.8	
171.13905	526770944	2704.4	728749	100.0	
172.14139	3376618	15.3	890253	0.6	
172.14241	59704296	303.8	728648	11.3	
173.00916	21075132	105.9	722332	4.0	
173.04554	12105926	60.0	748989	2.3	
173.08193	4555983	21.4	756008	0.9	
173.11832	4868824	23.0	728114	0.9	
173.14575	3089119	13.8	886552	0.6	
175.00554	4287674	19.9	744415	0.8	
175.02480	7810751	37.9	730552	1.5	
175.06091	3970760	18.3	1703422	0.8	
175.06119	44222152	223.7	719499	8.4	
175.09759	2486738	10.7	764565	0.5	
176.01149	4135878	19.1	722258	0.8	
176.06455	3979220	18.3	763894	0.8	
177.01933	38295772	193.5	695866	7.3	
177.03939	13773024	68.3	768624	2.6	
177.04046	205285600	1045.7	708645	39.0	
177.05572	17266916	86.1	718358	3.3	
178.02269	3754998	17.1	689225	0.7	
178.04382	13625852	67.3	692998	2.6	
178.05908	2852352	12.5	710621	0.5	
178.96318	6348550	30.3	707343	1.2	
178.99859	12907280	63.7	702993	2.5	
179.03498	24873754	124.5	699241	4.7	
179.05501	5958433	28.3	798082	1.1	
179.05611	94890784	480.6	698459	18.0	
179.07136	7258918	34.9	740140	1.4	
180.03832	2637125	11.4	700988	0.5	
180.04278	2600006	11.2	808317	0.5	
180.05945	5689419	27.0	752585	1.1	
181.01425	19791214	98.3	706942	3.8	
181.05063	51211640	257.6	698586	9.7	
181.05091	4402553	20.3	1321256	0.8	
181.07175	11593088	56.8	698456	2.2	
182.02207	3166120	14.1	614745	0.6	
182.04587	3114671	13.8	706762	0.6	
182.05398	4240050	19.5	766297	0.8	
183.02989	22888424	114.0	692230	4.3	
183.06629	4831221	22.5	741061	0.9	
185.02779	2946682	12.9	698242	0.6	
185.04554	10701440	52.1	669065	2.0	
185.08192	12874380	63.0	677719	2.4	
185.11831	7184025	34.3	702036	1.4	
185.15470	5848741	27.6	696901	1.1	
186.04558	2583251	11.1	709342	0.5	
186.07718	3093982	13.7	713121	0.6	
187.02480	3895590	17.7	742832	0.7	
187.04194	7559468	36.2	708422	1.4	
187.06120	7675187	36.8	664039	1.5	
187.09758	11003199	53.6	657539	2.1	
188.06122	2409875	10.2	692641	0.5	
189.04046	5883890	27.6	673772	1.1	
189.05570	3354104	14.9	710581	0.6	
189.05759	10950648	53.1	660481	2.1	
189.07685	11419647	55.5	659256	2.2	
190.96317	3140789	13.8	786344	0.6	
191.01972	28089034	138.8	665090	5.3	
191.03498	18977488	93.1	665486	3.6	
191.05611	42375896	210.3	663099	8.0	
191.07136	17234654	84.4	649900	3.3	
192.04279	3169868	13.9	698195	0.6	
192.05944	3092050	13.5	773102	0.6	
193.01424	9944512	47.9	644974	1.9	
193.03537	33009096	163.4	653475	6.3	
193.04932	3857870	17.4	645625	0.7	
193.05063	49847756	247.8	648870	9.5	
194.03871	3064654	13.4	728982	0.6	
194.05398	5450580	25.3	717065	1.0	
194.99351	3492551	15.5	650111	0.7	
194.99688	7592136	35.9	689790	1.4	
195.02989	23572694	115.7	648330	4.5	
195.04970	9378013	44.8	689207	1.8	
195.05102	165183712	822.2	638951	31.4	
195.06628	22446308	110.0	639917	4.3	
195.10266	3014386	13.1	700902	0.6	
195.13905	2749697	11.8	690499	0.5	
196.03320	2445671	10.2	622297	0.5	
196.05438	11223663	54.0	646315	2.1	
196.06965	2967669	12.8	647400	0.6	
197.00916	5777395	26.9	633604	1.1	
197.01252	6502388	30.5	649551	1.2	
197.04291	4326400	19.6	706599	0.8	
197.04419	22266880	109.1	677689	4.2	
197.04554	401343488	2000.5	631555	76.2	
197.05522	2504197	10.5	673754	0.5	
197.08193	3587600	15.9	688465	0.7	
197.15471	5151790	23.7	623440	1.0	
198.04890	39036316	192.8	638643	7.4	
199.02480	2852148	12.2	725809	0.5	
199.04978	4083006	18.3	653556	0.8	
199.06118	10587971	50.6	649008	2.0	
199.09760	3527506	15.6	670220	0.7	
199.16763	4080496	18.3	725697	0.8	
199.16897	20445040	99.6	691280	3.9	
199.17035	364971904	1811.4	626569	69.3	
200.05642	2816231	12.0	660835	0.5	
200.17370	52537624	259.1	622919	10.0	
201.04046	17085066	82.9	626080	3.2	
201.07684	4563098	20.7	639461	0.9	
201.11323	5598890	25.9	657917	1.1	
201.17706	3647173	16.2	633926	0.7	
202.94139	22019522	107.0	623177	4.2	
202.97778	2581970	10.8	663697	0.5	
203.03500	4033003	18.0	708165	0.8	
203.03684	8210924	38.7	633109	1.6	
203.05611	12725748	61.0	629869	2.4	
203.07324	3731452	16.5	648462	0.7	
203.09249	5743109	26.4	644896	1.1	
204.05613	2942381	12.6	664626	0.6	
205.01425	3964248	17.6	666692	0.8	
205.03392	2732897	11.6	730579	0.5	
205.03537	40997216	200.8	609111	7.8	
205.05063	8810856	41.6	654231	1.7	
205.05249	10742121	51.2	624572	2.0	
205.07175	9163122	43.4	627093	1.7	
206.03872	3239205	14.1	627031	0.6	
207.02989	10861799	51.5	637288	2.1	
207.05102	13509873	64.6	607814	2.6	
207.06479	4182263	18.6	667955	0.8	
207.06627	69047544	338.0	603091	13.1	
207.06665	5631224	25.8	1056095	1.1	
207.08740	10405121	49.3	608500	2.0	
208.06962	8424132	39.5	614894	1.6	
208.97373	6289510	29.0	618964	1.2	
209.00916	4868215	22.0	634882	0.9	
209.03028	5785728	26.5	582950	1.1	
209.04554	29808776	144.8	601410	5.7	
209.06667	16623761	79.9	598296	3.2	
209.08192	8929432	42.0	608677	1.7	
210.04891	3528284	15.4	644550	0.7	
211.02480	9135143	42.8	629189	1.7	
211.06118	23845944	114.9	602347	4.5	
211.09757	10916937	51.5	620573	2.1	
212.06456	2989588	12.7	655007	0.6	
212.09283	7123489	32.9	624118	1.4	
213.04045	12378086	58.7	591403	2.3	
213.07685	7958520	37.0	631634	1.5	
213.11321	4580361	20.5	623751	0.9	
213.18601	3807276	16.7	571163	0.7	
214.07205	2614743	10.8	721637	0.5	
215.03279	8263593	38.3	577776	1.6	
215.05610	18678708	89.1	579919	3.5	
215.09252	3402182	14.6	632982	0.6	
215.12888	8287192	38.5	621019	1.6	
217.02983	3288955	14.1	606910	0.6	
217.03538	3486590	15.0	646230	0.7	
217.05064	4136838	18.2	587939	0.8	
217.05250	5091207	22.9	616231	1.0	
217.07176	9801616	45.8	599671	1.9	
217.10814	5742498	26.0	649086	1.1	
219.02988	7387996	34.1	583429	1.4	
219.05058	8006502	37.1	1186691	1.5	
219.05102	99576680	483.7	573960	18.9	
219.06627	9663342	45.2	590424	1.8	
219.08740	7587705	35.0	596570	1.4	
220.05438	8842588	40.9	574778	1.7	
221.00916	24452924	116.7	586719	4.6	
221.04554	20766544	98.8	579129	3.9	
221.06495	5954393	26.9	639197	1.1	
221.06623	9523034	44.2	1042653	1.8	
221.06667	106442584	514.5	572944	20.2	
221.08192	7452514	34.2	601591	1.4	
222.01252	2777913	11.5	649747	0.5	
222.07003	9144662	42.4	622249	1.7	
222.98842	8706857	40.3	565570	1.7	
223.02481	13099835	61.6	587963	2.5	
223.04593	7992134	36.8	595514	1.5	
223.06119	25129806	120.0	563945	4.8	
223.09757	4436833	19.6	589687	0.8	
224.06451	2838863	11.7	632174	0.5	
225.00407	4158257	18.1	611633	0.8	
225.04000	4839236	21.4	1057329	0.9	
225.04046	41744196	199.5	566829	7.9	
225.07684	23566166	111.8	563826	4.5	
225.11326	4295529	18.8	606917	0.8	
225.18599	9287566	42.9	576348	1.8	
226.04382	3897673	16.8	631239	0.7	
226.08019	2584412	10.5	544262	0.5	
227.01971	3500866	14.9	579158	0.7	
227.05611	14912341	70.0	564383	2.8	
227.09249	5542760	24.8	581880	1.1	
227.10371	9075566	41.8	584568	1.7	
227.12887	5002107	22.2	611996	0.9	
227.20165	48733088	233.3	561481	9.3	
227.20212	4572065	20.1	1020748	0.9	
228.08776	3365229	14.3	578908	0.6	
228.20502	7034282	32.0	558732	1.3	
229.00234	2713418	11.1	551873	0.5	
229.03539	4055899	17.5	633898	0.8	
229.07176	21258094	100.1	553028	4.0	
229.10815	15556481	72.7	563584	3.0	
229.14455	3345812	14.1	596896	0.6	
231.02986	2823536	11.6	586608	0.5	
231.05103	10075003	46.4	568853	1.9	
231.06628	4014980	17.3	611412	0.8	
231.08741	6476687	29.1	559272	1.2	
231.10265	2786199	11.4	625669	0.5	
231.12381	4417442	19.2	509431	0.8	
232.92468	14348119	66.9	532893	2.7	
232.98834	2534777	10.2	575253	0.5	
233.00917	4450180	19.4	551536	0.8	
233.04554	9727895	44.7	564708	1.8	
233.06667	22226850	104.7	544012	4.2	
233.08191	4975530	21.9	554374	0.9	
233.08380	5308331	23.5	553585	1.0	
233.92425	2544488	10.2	557496	0.5	
235.02481	22518704	105.5	551188	4.3	
235.04596	3858363	16.4	608887	0.7	
235.06119	14400451	66.8	546098	2.7	
235.08232	9565134	43.7	552429	1.8	
235.09757	3858390	16.4	578390	0.7	
237.00407	7241676	32.6	553277	1.4	
237.04046	17100768	79.6	541968	3.2	
237.06159	36556780	172.5	540666	6.9	
237.07684	17571828	81.9	539238	3.3	
237.18600	3427373	14.4	508883	0.7	
238.06491	3317250	13.9	593853	0.6	
238.08016	3092490	12.8	535337	0.6	
238.89137	7279548	32.8	577936	1.4	
238.98429	3705837	15.7	591234	0.7	
239.01972	27235328	128.0	533347	5.2	
239.05611	37704724	178.0	522483	7.2	
239.07724	10081311	46.1	538390	1.9	
239.09250	10064935	46.1	524990	1.9	
239.20165	5061729	22.2	586045	1.0	
240.02304	2728472	11.0	558385	0.5	
240.03359	2581534	10.3	497223	0.5	
240.05947	5065260	22.1	560032	1.0	
241.03538	8517686	38.4	543023	1.6	
241.07176	23955530	111.7	527639	4.5	
241.10815	4884573	21.2	545161	0.9	
241.11938	9967715	45.3	548519	1.9	
241.14453	4399217	18.9	542434	0.8	
241.21731	13371544	61.5	539166	2.5	
242.07508	2566243	10.2	588531	0.5	
243.01798	4274269	18.3	567310	0.8	
243.05103	11959406	54.8	536017	2.3	
243.06229	3805300	16.1	536334	0.7	
243.06628	4041846	17.2	528656	0.8	
243.08740	12524673	57.4	527421	2.4	
243.12380	9483413	43.0	545455	1.8	
243.19654	3292348	13.6	581853	0.6	
245.00920	2432648	9.6	513213	0.5	
245.04554	4703388	20.3	515077	0.9	
245.04743	4429981	19.0	547259	0.8	
245.06668	18649254	86.5	513467	3.5	
245.08189	2852527	11.6	569709	0.5	
245.10304	5032122	21.9	574609	1.0	
245.13944	6656206	29.4	495345	1.3	
246.97724	5633191	24.6	581954	1.1	
247.02430	3413184	14.1	1025223	0.6	
247.02481	29992128	139.4	528913	5.7	
247.04589	2645708	10.5	521051	0.5	
247.06119	9936084	44.9	525258	1.9	
247.06307	3146453	12.9	541595	0.6	
247.08232	54748384	256.2	515899	10.4	
247.09760	2571495	10.1	547673	0.5	
247.11868	2726131	10.9	607631	0.5	
248.02820	3806938	16.0	575601	0.7	
248.08568	6190841	27.2	545649	1.2	
249.00407	8122597	36.3	543444	1.5	
249.03222	12634355	57.6	530302	2.4	
249.04047	15804664	72.5	518338	3.0	
249.06103	2699523	10.7	1126642	0.5	
249.06159	27977988	129.9	515030	5.3	
249.07684	13875467	63.4	532619	2.6	
250.04381	2479376	9.7	507274	0.5	
250.06498	2529564	9.9	571702	0.5	
251.01971	8092954	36.2	552291	1.5	
251.05612	28937518	134.5	506060	5.5	
251.07724	69676344	326.6	510041	13.2	
251.07780	5791033	25.3	977308	1.1	
251.09249	10288449	46.2	511568	2.0	
252.05949	3479365	14.3	561453	0.7	
252.08060	6737744	29.6	524635	1.3	
253.03538	13586764	61.7	504184	2.6	
253.05650	4490584	19.1	566576	0.9	
253.07176	23974240	110.3	507294	4.6	
253.09292	3963243	16.6	495505	0.8	
253.10812	4807027	20.5	545962	0.9	
253.21673	5869997	25.5	1074735	1.1	
253.21730	71004592	330.7	503847	13.5	
253.21787	6357422	27.8	824385	1.2	
254.07510	3010421	12.1	584978	0.6	
254.22067	11994051	54.2	514900	2.3	
255.05103	16655739	76.0	501028	3.2	
255.08742	11711886	52.9	519966	2.2	
255.23238	5993947	26.1	1018996	1.1	
255.23296	68007384	316.6	502792	12.9	
256.11905	2758065	10.9	511208	0.5	
256.23632	12306415	55.7	509029	2.3	
257.03366	2973076	11.9	509578	0.6	
257.04553	3134874	12.7	538414	0.6	
257.06667	18598310	85.1	498496	3.5	
257.08194	3488173	14.4	554483	0.7	
257.10307	5112249	22.0	544507	1.0	
257.11431	3037630	12.2	548594	0.6	
257.13944	8247756	36.7	513631	1.6	
258.99180	7429530	32.6	531918	1.4	
259.01293	10874277	48.6	516207	2.1	
259.02482	2833323	11.2	525238	0.5	
259.02823	3459501	14.1	456594	0.7	
259.04593	3860919	16.0	560106	0.7	
259.06120	7470527	32.8	501459	1.4	
259.06307	3933632	16.3	525636	0.7	
259.08233	15060425	68.1	488908	2.9	
259.11871	4356573	18.3	501481	0.8	
260.87332	3496306	14.3	519974	0.7	
261.00406	10135990	45.2	487766	1.9	
261.02282	7057856	30.9	503377	1.3	
261.04046	9255369	41.1	498674	1.8	
261.04387	2467275	9.5	486896	0.5	
261.06159	6877653	30.0	522024	1.3	
261.07687	7608797	33.4	527313	1.4	
261.07871	2664925	10.4	446910	0.5	
261.09797	7717352	33.9	479736	1.5	
261.13437	14602746	66.0	498209	2.8	
263.01974	8928717	39.6	501929	1.7	
263.05550	3083744	12.4	834104	0.6	
263.05612	25593312	117.1	493381	4.9	
263.07724	22939114	104.7	498127	4.4	
263.09251	8144371	35.9	494697	1.5	
264.05950	4056038	16.8	488045	0.8	
264.99899	16976328	76.5	490532	3.2	
265.03538	20675036	93.5	495988	3.9	
265.05647	3035622	12.0	512685	0.6	
265.07176	22342126	101.2	491620	4.2	
265.09289	9593337	42.3	502642	1.8	
265.10815	4939265	20.8	498088	0.9	
265.14531	5597716	23.9	549518	1.1	
265.14791	91916824	422.7	482856	17.4	
265.18091	7545382	32.9	488545	1.4	
266.03873	2588637	10.0	585507	0.5	
266.07515	2726895	10.6	585898	0.5	
266.15127	12418070	55.4	473693	2.4	
267.01465	4490702	18.8	487850	0.9	
267.05103	41086432	187.8	476539	7.8	
267.05167	3538401	14.4	853535	0.7	
267.07216	65457644	300.4	479888	12.4	
267.08741	16600563	74.7	491136	3.2	
267.12384	2449413	9.3	434583	0.5	
267.14372	3627535	14.8	586876	0.7	
267.16014	2814488	11.0	535220	0.5	
267.19649	2723882	10.6	498640	0.5	
267.23299	2740797	10.7	551184	0.5	
268.05438	6014941	25.8	517931	1.1	
268.07549	7028712	30.5	486750	1.3	
269.03030	18198984	82.1	484838	3.5	
269.04554	2458576	9.4	446520	0.5	
269.06668	30192090	137.5	476270	5.7	
269.08781	16769510	75.5	483207	3.2	
269.10308	8761837	38.5	491906	1.7	
269.13941	5110272	21.6	437742	1.0	
269.21222	6275620	27.0	507136	1.2	
269.24861	5863991	25.1	489794	1.1	
270.03363	2648512	10.2	481469	0.5	
270.07000	4192210	17.4	510573	0.8	
271.02477	2490286	9.4	477321	0.5	
271.04595	30201272	136.5	479611	5.7	
271.04928	2615226	10.0	469090	0.5	
271.06119	5016000	21.0	505583	1.0	
271.08234	20792778	93.4	473554	3.9	
271.09758	17368530	77.7	472386	3.3	
271.11871	4434397	18.4	501745	0.8	
271.15511	7405039	32.0	502899	1.4	
271.22787	13977107	62.1	483657	2.7	
272.04926	3318698	13.2	509335	0.6	
272.08571	3394492	13.6	542555	0.6	
272.10093	3579843	14.4	513432	0.7	
272.23126	2503172	9.5	481282	0.5	
273.00406	3171712	12.6	490840	0.6	
273.04046	5053842	21.2	495865	1.0	
273.06159	7756188	33.6	507898	1.5	
273.07687	12540324	55.5	464892	2.4	
273.09799	6506926	27.9	501508	1.2	
274.06161	2721669	10.5	553074	0.5	
274.08028	2639759	10.1	497118	0.5	
275.01974	3738967	15.2	495228	0.7	
275.02317	2732377	10.5	521394	0.5	
275.05610	8312169	36.1	480329	1.6	
275.05800	9934185	43.6	459400	1.9	
275.07725	16432499	73.4	468451	3.1	
275.09247	6378874	27.3	449524	1.2	
275.11359	2997637	11.8	503740	0.6	
275.15004	2601366	9.9	520445	0.5	
276.98779	10086665	44.3	474574	1.9	
276.99904	4296975	17.7	464910	0.8	
277.02353	3544347	14.3	512449	0.7	
277.03288	2855199	11.1	474760	0.5	
277.03538	32350496	146.4	466065	6.1	
277.03872	3854626	15.7	407768	0.7	
277.07176	15675698	69.9	464705	3.0	
277.07364	10363186	45.5	449605	2.0	
277.09290	18211132	81.5	467317	3.5	
277.10814	4160835	17.1	493846	0.8	
277.14449	3447124	13.8	483976	0.7	
277.18432	2733415	10.5	495461	0.5	
277.21735	2701175	10.4	470219	0.5	
278.03874	4598525	19.1	484263	0.9	
279.01466	10355914	45.2	471631	2.0	
279.05030	2643162	10.0	894939	0.5	
279.05103	22185178	99.0	458848	4.2	
279.07215	8557797	37.0	474269	1.6	
279.08739	16549100	73.4	459183	3.1	
279.08927	2930413	11.4	471303	0.6	
279.10855	3754230	15.1	446259	0.7	
279.12383	3938557	15.9	455641	0.7	
279.23296	21140784	94.3	458586	4.0	
280.05433	3029680	11.8	540874	0.6	
280.23630	3884805	15.7	473946	0.7	
281.03031	9687157	42.1	482113	1.8	
281.06668	26306694	117.8	453046	5.0	
281.08709	5310607	22.2	863611	1.0	
281.08781	56420496	254.8	458504	10.7	
281.08851	4958352	20.6	901259	0.9	
281.10308	8161430	35.2	476085	1.5	
281.24861	18983130	84.4	464972	3.6	
282.07004	4326995	17.7	421924	0.8	
282.09116	6521436	27.7	486852	1.2	
282.25198	3509926	14.0	505227	0.7	
283.00474	4429821	18.2	489005	0.8	
283.00947	3209215	12.6	504543	0.6	
283.01052	2660351	10.1	493480	0.5	
283.04594	16813070	74.5	445848	3.2	
283.08233	21670944	96.7	452770	4.1	
283.11874	3899440	15.8	475120	0.7	
283.15267	2769471	10.6	448165	0.5	
283.19145	2636369	10.0	437787	0.5	
283.26426	11242610	49.2	462079	2.1	
284.08569	3247588	12.8	540408	0.6	
285.04048	5019535	20.9	498960	1.0	
285.06159	17026968	75.5	457602	3.2	
285.07686	4647839	19.2	463646	0.9	
285.09797	14913448	65.9	445489	2.8	
285.10921	2500525	9.4	457941	0.5	
285.13437	3305400	13.1	534223	0.6	
285.20715	10301400	44.9	469319	2.0	
286.10132	2868067	11.0	458591	0.5	
286.16601	6685056	28.3	478472	1.3	
287.02309	8329975	35.7	448816	1.6	
287.05390	4567812	18.7	478070	0.9	
287.05613	8061701	34.5	451930	1.5	
287.07649	3326734	13.1	735466	0.6	
287.07724	31068942	138.6	447286	5.9	
287.09250	5362453	22.3	481139	1.0	
287.11360	4208414	17.1	514875	0.8	
287.15001	21279534	94.3	454075	4.0	
287.22275	3371853	13.3	525158	0.6	
288.08059	3909824	15.7	461562	0.7	
288.15336	3311840	13.0	491211	0.6	
288.99902	2696777	10.2	470754	0.5	
289.03539	8748633	37.6	466257	1.7	
289.03876	9852506	42.6	449918	1.9	
289.05412	7278177	30.9	434901	1.4	
289.05652	3932770	15.8	413157	0.7	
289.07179	13166184	57.6	449627	2.5	
289.09289	11183729	48.6	451757	2.1	
289.10813	3823224	15.3	484702	0.7	
289.16566	9305744	40.1	451846	1.8	
289.23020	2573996	9.7	502429	0.5	
290.08815	3985430	16.0	497159	0.8	
290.94043	7678331	32.7	456953	1.5	
291.01465	17709466	78.1	446773	3.4	
291.03337	3083681	12.0	535408	0.6	
291.05104	14387624	63.1	441723	2.7	
291.05441	8421802	36.1	464611	1.6	
291.07216	8882609	38.2	444870	1.7	
291.07918	11995572	52.3	445784	2.3	
291.08741	11569591	50.4	425230	2.2	
291.08840	5099960	21.1	374819	1.0	
291.10852	4027840	16.2	512620	0.8	
292.01800	2592056	9.7	480517	0.5	
292.08261	2580307	9.7	464376	0.5	
292.89145	13819037	60.5	444422	2.6	
293.00956	3968205	16.0	496442	0.8	
293.03029	18951382	83.8	440836	3.6	
293.06669	16878820	74.4	439026	3.2	
293.08781	20864238	92.4	436436	4.0	
293.10305	9362675	40.4	418668	1.8	
293.17586	7527697	32.1	431397	1.4	
293.17843	3636498	14.5	861424	0.7	
293.17921	39214356	175.4	439675	7.4	
293.21223	16227616	71.4	441677	3.1	
293.89100	3139122	12.2	490058	0.6	
294.09121	2640514	9.9	482687	0.5	
294.18258	6467239	27.1	444919	1.2	
294.21558	4140724	16.6	475370	0.8	
295.00957	13537265	58.9	446380	2.6	
295.04595	21381120	94.1	441099	4.1	
295.06711	3282952	12.8	451507	0.6	
295.08233	25837582	114.2	437106	4.9	
295.10344	16097302	70.4	438617	3.1	
295.11870	6473756	27.1	435887	1.2	
295.22786	6142024	25.6	451918	1.2	
296.04932	2947467	11.3	518716	0.6	
296.08568	2966938	11.3	499221	0.6	
296.98979	4066042	16.3	450162	0.8	
297.02523	5067528	20.8	472510	1.0	
297.06160	16302870	71.3	445414	3.1	
297.07679	3193628	12.4	468425	0.6	
297.08272	9593630	41.1	446364	1.8	
297.09799	19125028	84.0	436660	3.6	
297.13441	3329843	13.0	492189	0.6	
297.15299	11375418	49.2	428136	2.2	
297.17077	3084609	11.9	409048	0.6	
297.24274	4481885	18.2	855820	0.9	
297.24352	50594652	225.5	432609	9.6	
298.06490	2536601	9.4	488939	0.5	
298.10131	3423399	13.4	475298	0.6	
298.24687	9389279	40.2	447585	1.8	
299.00545	22636032	99.8	428703	4.3	
299.04083	3210765	12.4	479725	0.6	
299.05607	3774995	15.0	455454	0.7	
299.07726	19760666	86.8	435636	3.8	
299.09253	6254113	26.1	426643	1.2	
299.09839	4234787	17.0	477341	0.8	
299.11365	7527977	31.8	460191	1.4	
299.15005	2691639	10.1	462421	0.5	
299.25915	2654304	9.9	462104	0.5	
300.08059	2603925	9.7	464764	0.5	
300.99146	2617576	9.8	554747	0.5	
300.99241	5038313	20.7	403870	1.0	
300.99562	22718698	100.1	480209	4.3	
300.99899	497993952	2237.0	423379	94.5	
301.00251	13625580	59.3	479228	2.6	
301.03539	4989177	20.4	435063	0.9	
301.05651	13285632	57.7	440652	2.5	
301.07177	18807046	82.6	433342	3.6	
301.09292	14326030	62.4	434478	2.7	
301.10815	13228307	57.5	436366	2.5	
301.12928	3100955	11.9	446280	0.6	
301.20203	5603638	23.2	441311	1.1	
302.00235	77417056	346.1	421206	14.7	
302.11156	2978437	11.4	465259	0.6	
303.00325	7150537	29.9	460379	1.4	
303.00570	5145546	21.0	465886	1.0	
303.01468	2793421	10.5	497916	0.5	
303.05104	10509274	44.9	448210	2.0	
303.05436	3058140	11.7	414777	0.6	
303.07217	16124898	70.0	424263	3.1	
303.08742	16141288	70.1	427852	3.1	
303.10854	5948399	24.6	455512	1.1	
304.09077	3006801	11.4	486987	0.6	
305.03032	10251935	43.8	427724	1.9	
305.03367	4672160	18.9	454458	0.9	
305.06668	15290027	66.3	424094	2.9	
305.07006	6157997	25.5	431544	1.2	
305.08428	2852530	10.7	504917	0.5	
305.08782	51891892	229.8	418446	9.9	
305.10309	8681144	36.8	420160	1.6	
306.07005	2855948	10.8	467863	0.5	
306.09115	6660116	27.7	444146	1.3	
306.90538	3226927	12.4	467547	0.6	
306.91429	2550066	9.4	462193	0.5	
307.00957	3875155	15.3	442662	0.7	
307.04596	32313696	142.3	418817	6.1	
307.04938	4716897	19.1	426937	0.9	
307.06711	3578215	14.0	467500	0.7	
307.08234	19509612	85.1	429797	3.7	
307.10347	9617779	41.0	446845	1.8	
307.11872	4739449	19.2	414485	0.9	
307.17626	3573133	14.0	453849	0.7	
307.19152	3387794	13.1	497235	0.6	
308.04928	5337785	21.8	449375	1.0	
308.08559	3312837	12.8	337362	0.6	
309.00692	2864126	10.8	476190	0.5	
309.02522	6333444	26.3	457102	1.2	
309.06160	24523792	107.5	410330	4.7	
309.08275	8817687	37.4	424165	1.7	
309.09799	17462300	76.0	421048	3.3	
309.11910	12899364	55.6	421491	2.4	
309.13431	2691113	10.0	451233	0.5	
309.17329	6091830	25.2	798976	1.2	
309.17414	57300024	253.9	416312	10.9	
309.20716	4407362	17.7	437937	0.8	
310.06497	4874593	19.8	419677	0.9	
310.10130	2737517	10.2	447828	0.5	
310.17749	9444743	40.2	421553	1.8	
311.04087	19863206	86.7	419326	3.8	
311.07637	3593905	14.0	837083	0.7	
311.07726	36263600	159.9	411542	6.9	
311.09250	4422326	17.7	435188	0.8	
311.09837	20223672	88.3	417647	3.8	
311.11364	7999166	33.7	442023	1.5	
311.16864	37508816	165.5	410684	7.1	
311.22279	39671520	175.2	405642	7.5	
312.04417	2905071	10.9	475177	0.6	
312.08059	4632571	18.6	435577	0.9	
312.17201	7778329	32.5	409392	1.5	
312.22615	7352362	30.6	405509	1.4	
312.92241	4907276	19.8	402042	0.9	
312.98473	2629920	9.7	446705	0.5	
312.99896	3922213	15.4	424733	0.7	
313.03533	2487089	9.0	432665	0.5	
313.05653	9922871	42.0	431296	1.9	
313.07179	6283580	25.9	419277	1.2	
313.09291	18356548	79.4	407901	3.5	
313.10817	3339592	12.8	438910	0.6	
313.11403	3404106	13.1	426433	0.6	
313.12927	4776271	19.2	446463	0.9	
313.23843	18557298	80.3	416492	3.5	
314.09623	3331717	12.8	437381	0.6	
314.24179	2773683	10.3	442599	0.5	
314.97948	2599837	9.5	470294	0.5	
315.01465	31054760	135.7	405939	5.9	
315.05104	4602804	18.4	455027	0.9	
315.07217	38247356	167.6	403571	7.3	
315.07307	3398587	13.1	742087	0.6	
315.08742	12491711	53.4	408046	2.4	
315.10856	13626310	58.4	422466	2.6	
315.18133	14834653	63.8	407749	2.8	
315.25409	2462708	8.9	506817	0.5	
316.01802	5639396	23.0	431771	1.1	
316.07552	6106358	25.1	414628	1.2	
317.03029	5742110	23.5	414023	1.1	
317.05481	4664869	18.7	448326	0.9	
317.06447	5482024	22.3	374692	1.0	
317.06668	18382376	79.5	403857	3.5	
317.08782	11103791	47.2	414373	2.1	
317.10306	10681908	45.4	415196	2.0	
317.12418	2791995	10.4	468084	0.5	
318.07006	2977629	11.2	417933	0.6	
319.00945	2653306	9.8	360630	0.5	
319.04595	38240388	167.6	400436	7.3	
319.06710	2960523	11.1	462113	0.6	
319.08233	17715344	76.6	397141	3.4	
319.10347	8921238	37.6	411573	1.7	
319.11869	5867675	24.0	356626	1.1	
320.04929	6881714	28.5	403880	1.3	
320.08564	2976189	11.2	454461	0.6	
321.02522	7656148	31.9	417181	1.5	
321.06160	17162974	74.1	388058	3.3	
321.06499	22012640	95.6	390841	4.2	
321.08274	26084068	113.7	397149	5.0	
321.09797	13378281	57.3	400297	2.5	
321.09979	3018474	11.4	351720	0.6	
321.11911	2954992	11.1	481789	0.6	
321.21050	5446411	22.2	428647	1.0	
322.06497	2536453	9.2	442004	0.5	
322.06836	3424262	13.1	416625	0.7	
322.08606	3547147	13.6	442222	0.7	
322.10133	3042320	11.4	392511	0.6	
323.00450	2684182	9.8	415667	0.5	
323.04086	43345184	188.8	391447	8.2	
323.07725	33621292	146.0	395904	6.4	
323.09838	118121776	517.9	394303	22.4	
323.11365	9721142	40.8	414271	1.8	
323.17120	2828614	10.5	433993	0.5	
323.25915	6501728	26.6	401187	1.2	
324.04421	6889025	28.3	379600	1.3	
324.08059	5951051	24.2	398415	1.1	
324.10174	14177873	60.4	395450	2.7	
324.99900	3766096	14.6	434276	0.7	
325.00181	4790097	19.1	424484	0.9	
325.02013	4589399	18.2	438668	0.9	
325.04121	4005724	15.6	385240	0.8	
325.05651	19122016	82.2	394975	3.6	
325.07186	2919269	10.9	465071	0.6	
325.07765	13461351	57.3	407284	2.6	
325.09289	27854698	120.6	385039	5.3	
325.10813	2532719	9.2	399042	0.5	
325.11405	9267057	38.8	391111	1.8	
325.12926	5697397	23.1	394450	1.1	
325.18430	39200644	170.5	390176	7.4	
325.20200	3399562	13.0	436581	0.6	
326.05981	2688123	9.8	415840	0.5	
326.09621	4851845	19.4	391180	0.9	
326.18767	7575711	31.4	391489	1.4	
327.01458	2815364	10.4	464861	0.5	
327.03576	2491786	9.0	267562	0.5	
327.05097	3340687	12.7	355078	0.6	
327.07216	12114324	51.3	393429	2.3	
327.08742	14739865	62.9	395373	2.8	
327.09333	6207898	25.3	382981	1.2	
327.10855	13486494	57.4	393028	2.6	
327.12374	2676643	9.8	391608	0.5	
327.18132	38382004	166.9	389720	7.3	
327.21770	13433277	57.1	409476	2.6	
328.07551	3009705	11.3	307430	0.6	
328.09079	3040941	11.4	440914	0.6	
328.18472	7469767	30.9	394079	1.4	
328.22111	3057360	11.5	453875	0.6	
329.03033	5782445	23.5	382294	1.1	
329.06669	9362358	39.2	393857	1.8	
329.08780	22064060	95.1	385211	4.2	
329.10306	8580032	35.8	401185	1.6	
329.12420	6431686	26.3	400576	1.2	
329.13951	6218698	25.4	403172	1.2	
329.16053	3880912	15.1	350044	0.7	
329.22926	2965475	11.1	448593	0.6	
329.23335	69692384	304.7	388309	13.2	
329.23431	6704100	27.5	516898	1.3	
330.09119	3431627	13.1	397030	0.7	
330.23672	13819122	58.8	392339	2.6	
331.00955	2536896	9.2	427226	0.5	
331.04595	6069706	24.7	393797	1.2	
331.06707	74608080	326.4	381795	14.2	
331.07129	2865616	10.6	389064	0.5	
331.08234	19623378	84.4	390952	3.7	
331.10347	13258201	56.4	387747	2.5	
331.11872	19697116	84.7	388923	3.7	
331.11973	2459101	8.8	705620	0.5	
331.24900	32017920	138.9	380705	6.1	
332.07044	10751704	45.0	381928	2.0	
332.08568	3421916	13.0	441353	0.6	
332.12211	3079910	11.5	421160	0.6	
332.25236	5902088	23.8	406667	1.1	
333.02523	8579026	35.5	380755	1.6	
333.05923	14864346	62.9	374280	2.8	
333.06160	26480602	113.6	376336	5.0	
333.06495	6604764	26.9	379372	1.3	
333.08273	6655969	27.1	377786	1.3	
333.09795	20762596	88.7	375323	3.9	
333.10135	8613861	35.6	386554	1.6	
333.11909	5304298	21.2	403821	1.0	
333.12613	5896172	23.8	422366	1.1	
333.13432	2664430	9.6	419080	0.5	
334.06494	4990175	19.8	381314	0.9	
334.10141	3806440	14.6	399050	0.7	
335.04085	24277464	104.0	382908	4.6	
335.07724	19706338	84.1	370365	3.7	
335.08063	17093090	72.7	379952	3.2	
335.09838	12407271	52.2	388208	2.4	
335.11362	9822699	40.9	391139	1.9	
335.17114	17887738	76.1	383202	3.4	
335.20755	5622276	22.6	400337	1.1	
336.04418	3984088	15.4	408333	0.8	
336.08063	3702497	14.2	443416	0.7	
336.17451	2876152	10.6	371308	0.5	
336.97257	3420097	12.9	408968	0.6	
337.02012	24269772	104.0	377090	4.6	
337.05651	19084246	81.3	378952	3.6	
337.05846	3781590	14.5	353691	0.7	
337.07765	4317147	16.9	379017	0.8	
337.09291	23999454	102.8	379711	4.6	
337.11402	14861284	62.9	384084	2.8	
337.12933	5374952	21.5	379126	1.0	
337.20542	19018748	81.1	378353	3.6	
337.23845	3185667	11.9	395096	0.6	
338.02356	3042503	11.3	370215	0.6	
338.05985	2552016	9.2	391649	0.5	
338.09627	4056281	15.7	415914	0.8	
338.20880	3436789	13.0	398113	0.7	
339.03580	6399424	26.0	390676	1.2	
339.05701	2535878	9.1	396738	0.5	
339.07216	44414408	191.9	377379	8.4	
339.09330	28923342	124.3	377751	5.5	
339.10855	17786322	75.7	383140	3.4	
339.11192	3238355	12.1	394014	0.6	
339.12965	2503127	8.9	447748	0.5	
339.19995	22853096	97.8	381509	4.3	
339.25409	20018678	85.4	379369	3.8	
340.07549	7286462	29.8	387264	1.4	
340.09656	3602115	13.7	413685	0.7	
340.11186	3430087	13.0	384508	0.7	
340.20326	4579037	18.0	387093	0.9	
340.25747	5052139	20.1	372076	1.0	
341.03031	4201382	16.4	353994	0.8	
341.05145	6014891	24.3	375731	1.1	
341.06448	4442030	17.4	363072	0.8	
341.06667	4918190	19.5	368984	0.9	
341.08781	25524148	109.5	370853	4.8	
341.10788	16529336	70.2	687070	3.1	
341.10894	192870336	840.2	374944	36.6	
341.12418	8183740	33.7	385877	1.6	
341.13948	5219264	20.8	334135	1.0	
341.26977	3040223	11.3	426253	0.6	
342.09118	3999908	15.5	430180	0.8	
342.11229	25983144	111.5	375868	4.9	
343.00956	2786686	10.1	389951	0.5	
343.04597	5069191	20.0	364514	1.0	
343.06707	7772556	31.7	387782	1.5	
343.08235	9087375	37.4	389810	1.7	
343.10346	16091540	67.7	379729	3.1	
343.11321	4874647	19.1	403931	0.9	
343.11872	5126552	20.2	385099	1.0	
343.12462	3766681	14.3	373460	0.7	
343.13995	2826653	10.3	369402	0.5	
343.17624	2694566	9.7	380484	0.5	
343.21261	7039406	28.5	381670	1.3	
344.10685	2816641	10.2	427344	0.5	
344.98882	26131278	111.2	372711	5.0	
345.00593	3514195	13.2	423438	0.7	
345.02523	6882135	27.8	391427	1.3	
345.06160	24992608	106.2	375134	4.7	
345.06267	2726752	9.8	685056	0.5	
345.08038	2592100	9.2	327741	0.5	
345.08275	9648996	39.8	389302	1.8	
345.09799	17415016	73.4	377096	3.3	
345.11915	5940077	23.7	380492	1.1	
345.13433	3073904	11.3	435113	0.6	
345.19191	7568254	30.8	371029	1.4	
345.22827	41270152	176.7	371905	7.8	
345.22934	3730310	14.2	750027	0.7	
345.99222	2878519	10.5	421168	0.5	
346.06494	4920392	19.3	387374	0.9	
346.10124	3206224	11.9	347690	0.6	
346.23166	7216238	29.3	396755	1.4	
347.04091	6149416	24.6	389162	1.2	
347.07617	6380848	25.6	783767	1.2	
347.07725	76545328	329.5	368626	14.5	
347.07833	7273777	29.5	488563	1.4	
347.09837	11787573	49.1	378366	2.2	
347.11363	11693368	48.6	373645	2.2	
347.13476	2882877	10.5	373446	0.5	
347.15005	2927937	10.7	426685	0.6	
348.08060	15437333	64.9	378176	2.9	
349.02012	7272169	29.5	388763	1.4	
349.03886	3433197	12.9	386902	0.7	
349.05652	18054896	76.2	366008	3.4	
349.09288	19185402	81.1	363517	3.6	
349.09489	5240570	20.7	319090	1.0	
349.11403	9453310	38.9	370622	1.8	
349.12931	6510338	26.2	366866	1.2	
350.05984	3278802	12.2	411400	0.6	
350.09621	3932122	15.0	400115	0.7	
351.03580	12845227	53.6	369097	2.4	
351.05454	7577775	30.8	367187	1.4	
351.07216	22511794	95.5	365887	4.3	
351.07551	3372212	12.6	383999	0.6	
351.09325	5675192	22.6	382717	1.1	
351.10855	17948858	75.7	362564	3.4	
351.12969	4589760	17.9	389750	0.9	
351.20241	6662352	26.9	368950	1.3	
352.07548	4475281	17.4	383735	0.8	
352.11199	3187097	11.8	424417	0.6	
353.03029	5243490	20.7	368475	1.0	
353.05144	15204966	63.8	371077	2.9	
353.07256	7785067	31.7	365372	1.5	
353.08785	25395822	108.0	371674	4.8	
353.08900	2572910	9.2	517342	0.5	
353.10304	4612722	18.0	380370	0.9	
353.10895	14475891	60.7	379857	2.7	
353.12421	9699958	40.0	377855	1.8	
353.20036	41403016	177.3	359317	7.9	
354.05474	3085121	11.4	390481	0.6	
354.09121	3596104	13.6	376873	0.7	
354.20369	8418145	34.5	363066	1.6	
355.03065	3970067	15.1	402030	0.8	
355.04597	2536471	8.9	408139	0.5	
355.06712	7449627	30.0	384617	1.4	
355.08236	6138911	24.4	368112	1.2	
355.08820	10490912	43.0	367136	2.0	
355.10347	16720931	69.8	363507	3.2	
355.11870	5585958	22.0	385110	1.1	
355.12459	5356584	21.0	387437	1.0	
355.13986	4140075	15.8	370873	0.8	
355.24901	11830338	48.8	364125	2.2	
356.10674	3867898	14.6	354942	0.7	
357.02522	3043774	11.1	452880	0.6	
357.04630	2636226	9.3	391812	0.5	
357.06161	5260742	20.6	364139	1.0	
357.08275	11322826	46.6	357548	2.1	
357.09800	9496013	38.8	375887	1.8	
357.10386	12363214	51.1	363300	2.3	
357.11912	10888658	44.8	364915	2.1	
357.19184	2584545	9.1	323223	0.5	
357.26467	20637168	86.6	359516	3.9	
358.02527	3331730	12.3	368905	0.6	
358.26804	4601541	17.8	398571	0.9	
358.95450	5101397	19.9	370846	1.0	
358.95648	2676054	9.5	314569	0.5	
359.00451	4324192	16.6	354117	0.8	
359.02162	12154723	50.2	361391	2.3	
359.04084	4654952	18.0	339082	0.9	
359.06201	3268460	12.0	355513	0.6	
359.07504	10930030	44.9	348412	2.1	
359.07726	13801327	57.3	351990	2.6	
359.09838	21129076	88.7	367197	4.0	
359.10234	2595700	9.2	349507	0.5	
359.11366	8988535	36.6	364746	1.7	
359.11949	7321464	29.4	362561	1.4	
359.13473	3301243	12.2	379194	0.6	
359.15004	7081854	28.4	366467	1.3	
360.08063	2763841	9.9	389786	0.5	
360.10160	3393605	12.6	359334	0.6	
360.23919	2519138	8.8	381446	0.5	
361.02006	3036420	11.1	444136	0.6	
361.05651	10066188	41.2	360637	1.9	
361.07220	3474703	12.9	373417	0.7	
361.07766	10189072	41.7	349777	1.9	
361.09291	23267604	97.9	355359	4.4	
361.09415	2640148	9.4	774148	0.5	
361.11406	9304344	38.0	363920	1.8	
361.12929	5972251	23.7	376318	1.1	
361.16570	3082530	11.2	396850	0.6	
361.22324	2550062	9.0	379786	0.5	
362.09625	4705763	18.2	352447	0.9	
363.03579	9439908	38.5	347642	1.8	
363.07219	20392620	85.5	350512	3.9	
363.07557	2815148	10.1	335500	0.5	
363.09327	7107248	28.5	346299	1.3	
363.10854	23423666	98.5	341097	4.4	
363.11193	24095412	101.4	348850	4.6	
363.12977	3019447	11.0	381931	0.6	
363.23882	3324622	12.3	410391	0.6	
364.07559	4187001	16.0	386748	0.8	
364.11193	4404096	16.9	367106	0.8	
364.11533	3880833	14.7	373488	0.7	
364.97145	3791919	14.3	369993	0.7	
365.00383	3911734	14.8	392205	0.7	
365.05144	14552128	60.5	345451	2.8	
365.08782	21392454	89.8	340319	4.1	
365.08972	5991496	23.7	289564	1.1	
365.10892	12803147	53.0	339135	2.4	
365.12419	11623502	47.9	356722	2.2	
366.05476	3203339	11.8	367142	0.6	
366.09120	3460370	12.9	380801	0.7	
366.12763	2652442	9.4	393837	0.5	
367.01951	2538958	8.8	416986	0.5	
367.03071	2848208	10.1	377791	0.5	
367.04940	4634068	17.7	355210	0.9	
367.05180	5854676	22.9	352906	1.1	
367.06711	14925271	61.5	350001	2.8	
367.08148	2553306	8.9	411837	0.5	
367.08819	4707804	18.0	357800	0.9	
367.10348	24219102	101.0	341660	4.6	
367.10540	9936351	40.3	315095	1.9	
367.11873	3575266	13.2	340258	0.7	
367.12462	11230691	45.8	354941	2.1	
367.13983	4638182	17.8	359682	0.9	
368.07039	2567841	8.9	420421	0.5	
368.10680	4607656	17.6	373886	0.9	
369.04637	6631268	26.2	371085	1.3	
369.06165	4362087	16.6	338541	0.8	
369.06747	10628968	43.2	341392	2.0	
369.08275	12439403	50.9	343539	2.4	
369.09798	4566895	17.4	362831	0.9	
369.10388	11194224	45.6	345707	2.1	
369.11911	13967219	57.4	354212	2.7	
369.14025	4855671	18.7	378305	0.9	
370.12239	3048507	11.0	372068	0.6	
370.86876	8671439	34.9	360695	1.6	
371.00449	22663402	94.4	349068	4.3	
371.02077	4026605	15.1	384954	0.8	
371.02659	3269871	11.9	356503	0.6	
371.04088	7762161	31.0	356904	1.5	
371.06198	3921142	14.7	369428	0.7	
371.07729	7342329	29.2	345476	1.4	
371.09837	18043132	74.7	353564	3.4	
371.11365	8751360	35.2	339332	1.7	
371.11952	9122049	36.8	343403	1.7	
371.13478	5505284	21.4	366647	1.0	
371.15005	3811591	14.2	350978	0.7	
371.16883	2570507	9.0	356373	0.5	
371.24390	8995098	36.3	351450	1.7	
371.86838	2639253	9.2	400847	0.5	
372.00786	3423665	12.6	360340	0.6	
372.04084	3032503	10.9	328274	0.6	
372.10172	3188163	11.6	381540	0.6	
372.98374	2689650	9.5	372263	0.5	
373.02012	6328953	24.9	345391	1.2	
373.03729	13697660	56.3	357950	2.6	
373.05647	6371968	25.1	360236	1.2	
373.07767	5524100	21.5	345248	1.0	
373.09291	13116039	53.8	348777	2.5	
373.11404	12382859	50.7	345807	2.4	
373.12932	6976143	27.7	346944	1.3	
373.22317	8088225	32.4	340746	1.5	
373.25958	54727336	230.7	339113	10.4	
373.26081	4960936	19.1	642200	0.9	
374.09625	2906957	10.4	378739	0.6	
374.26295	12256110	50.1	357242	2.3	
375.03576	6294534	24.8	343872	1.2	
375.07215	15606796	64.4	349754	3.0	
375.09330	10806289	44.0	345072	2.1	
375.10854	19403796	80.5	339268	3.7	
375.12968	4901912	18.9	381354	0.9	
375.14498	4154395	15.7	366979	0.8	
376.07556	2689233	9.5	394972	0.5	
376.11197	3381465	12.4	383858	0.6	
377.05144	26154384	109.2	338424	5.0	
377.07017	4203924	15.9	395454	0.8	
377.08550	15938967	65.8	240914	3.0	
377.08782	86676888	366.5	335233	16.5	
377.09338	2480537	8.6	448016	0.5	
377.10893	13387163	54.9	339421	2.5	
377.12421	13424030	55.1	332797	2.5	
377.16057	4192678	15.8	348736	0.8	
378.05479	4691540	18.0	341463	0.9	
378.08884	3055195	11.0	292380	0.6	
378.09118	15722075	64.9	340440	3.0	
378.12745	2539107	8.8	360819	0.5	
379.03068	7005971	27.8	347079	1.3	
379.06709	16607002	68.6	338587	3.2	
379.08261	5756701	22.5	334602	1.1	
379.08823	2952990	10.6	347020	0.6	
379.10347	25040672	104.5	340970	4.8	
379.10477	2823969	10.0	571162	0.5	
379.12459	8763173	35.3	339321	1.7	
379.13986	7755560	31.0	342403	1.5	
379.23371	5418810	21.1	347230	1.0	
380.07039	3268573	11.9	411137	0.6	
380.10680	4517861	17.2	378129	0.9	
381.04635	5802140	22.5	331692	1.1	
381.08274	14866594	60.6	340684	2.8	
381.10389	9668774	38.7	346862	1.8	
381.11912	19544234	80.3	331326	3.7	
381.23164	12122303	49.1	351380	2.3	
382.08607	2876774	10.1	404577	0.5	
382.12242	3901805	14.5	380489	0.7	
383.06197	9882147	39.6	340657	1.9	
383.07722	3900967	14.5	359629	0.7	
383.08062	4157991	15.5	330565	0.8	
383.09840	15612459	63.7	333513	3.0	
383.11363	4756014	18.1	360141	0.9	
383.11953	21420590	88.2	337056	4.1	
383.13476	8165938	32.4	355749	1.6	
384.06533	2802919	9.8	309272	0.5	
384.10172	2868974	10.1	377957	0.5	
384.12292	3546866	13.0	363426	0.7	
385.02006	2921376	10.3	318894	0.6	
385.05654	4457384	16.8	360563	0.8	
385.07767	7130028	28.0	323864	1.4	
385.09291	9165742	36.6	340695	1.7	
385.11404	16653235	68.1	340882	3.2	
385.12932	6022070	23.4	316215	1.1	
385.13518	2621367	9.1	322740	0.5	
385.22309	3459016	12.6	324513	0.7	
385.25944	5020623	19.2	342292	1.0	
385.29596	3715030	13.7	356929	0.7	
386.11742	3498102	12.8	367976	0.7	
387.03581	8637737	34.4	345487	1.6	
387.05697	4674861	17.7	341126	0.9	
387.07220	5950768	23.1	335409	1.1	
387.09328	8318260	33.0	343814	1.6	
387.10856	9817399	39.3	329601	1.9	
387.11448	2997560	10.7	394089	0.6	
387.12973	7828795	31.0	348441	1.5	
387.14492	5391678	20.7	365907	1.0	
389.05143	7560882	29.9	350607	1.4	
389.08782	12115641	49.0	337599	2.3	
389.10899	9752253	39.1	343462	1.9	
389.12425	9756352	39.1	332911	1.9	
389.14543	2649797	9.2	362443	0.5	
389.16058	5635784	21.8	341913	1.1	
391.04936	3185721	11.4	371765	0.6	
391.06708	23191612	95.6	328880	4.4	
391.10350	19341380	79.4	330821	3.7	
391.12460	7385160	29.1	334362	1.4	
391.13986	9351243	37.4	349841	1.8	
392.07042	4755714	18.0	376630	0.9	
392.10681	4188425	15.7	341919	0.8	
392.14319	2564368	8.8	369438	0.5	
393.04635	6097346	23.7	341895	1.2	
393.06503	3647941	13.4	302805	0.7	
393.08274	14922185	60.8	330943	2.8	
393.10383	5902797	22.9	342027	1.1	
393.11913	23241168	95.8	331746	4.4	
393.15552	3272151	11.8	376357	0.6	
393.19530	5558751	21.4	345585	1.1	
394.08623	2902671	10.2	358962	0.6	
394.12248	5995158	23.3	359417	1.1	
395.06200	8176464	32.1	332681	1.6	
395.08313	4078420	15.0	296357	0.8	
395.09838	21455702	87.4	325876	4.1	
395.11951	16999258	68.8	324390	3.2	
395.13479	8041310	31.5	347304	1.5	
396.10167	3334174	11.9	353141	0.6	
396.12284	2715682	9.4	372107	0.5	
397.05995	5041373	19.0	361910	1.0	
397.07765	10450144	41.6	328660	2.0	
397.09286	3131619	11.1	329409	0.6	
397.09878	8019173	31.4	318400	1.5	
397.11400	16655591	67.4	323111	3.2	
397.13515	6313196	24.3	340359	1.2	
397.15027	3212527	11.4	335870	0.6	
397.22657	21857534	89.1	323697	4.1	
398.11740	4369840	16.2	355567	0.8	
398.22992	4611527	17.3	311305	0.9	
399.07219	5232240	19.8	339804	1.0	
399.09329	10581620	42.1	307081	2.0	
399.10850	4727415	17.7	281085	0.9	
399.11443	10577528	42.1	327807	2.0	
399.12967	8007291	31.4	323784	1.5	
401.03726	3042300	10.7	351146	0.6	
401.05145	12781567	51.3	315577	2.4	
401.08783	8126470	31.9	319690	1.5	
401.10894	12044298	48.2	321025	2.3	
401.12421	11839502	47.3	321168	2.2	
401.13007	5771279	22.1	340107	1.1	
401.14538	3956754	14.5	316627	0.8	
402.05480	2732235	9.4	357265	0.5	
402.12761	3589338	13.0	356733	0.7	
403.03066	2838930	9.9	385156	0.5	
403.06708	5865882	22.5	318305	1.1	
403.08827	3553694	12.8	368540	0.7	
403.10346	18999712	77.2	312470	3.6	
403.12461	8325541	32.7	339758	1.6	
403.13989	7180712	27.9	325735	1.4	
404.10681	3553903	12.8	375073	0.7	
405.04638	11184944	44.6	312106	2.1	
405.08271	11004728	43.9	320428	2.1	
405.10385	3989308	14.7	322149	0.8	
405.11909	15272767	61.6	318774	2.9	
405.14029	2834244	9.8	366569	0.5	
405.15556	4791111	18.0	301556	0.9	
406.08613	2824200	9.8	345848	0.5	
406.12237	3428368	12.3	329050	0.7	
407.06199	15359188	62.0	305554	2.9	
407.09838	14367963	57.9	306768	2.7	
407.11953	6315232	24.3	300989	1.2	
407.13478	16100579	65.1	308738	3.1	
407.17121	4279531	15.9	310422	0.8	
408.06540	3410342	12.2	307815	0.6	
408.10177	3216814	11.4	308791	0.6	
408.13799	3852725	14.1	334699	0.7	
409.07767	8265340	32.5	327970	1.6	
409.11402	15212163	61.4	318186	2.9	
409.13515	4365960	16.2	327953	0.8	
409.15038	5457547	20.8	322494	1.0	
410.99933	3129365	11.0	363649	0.6	
411.05685	3387426	12.0	333515	0.6	
411.07222	2568229	8.6	240796	0.5	
411.09330	19394602	78.0	310920	3.7	
411.10853	3446829	12.3	321661	0.7	
411.11444	7946286	30.8	310377	1.5	
411.12970	9162801	35.8	313100	1.7	
412.09660	4256002	15.6	354764	0.8	
412.11777	2590982	8.7	330976	0.5	
412.82508	4729247	17.6	328474	0.9	
413.05148	2793936	9.6	346474	0.5	
413.07255	3921365	14.2	320169	0.7	
413.08781	5214680	19.6	317519	1.0	
413.10895	12038621	47.7	326319	2.3	
413.12414	3968480	14.4	313306	0.8	
413.13010	22483426	90.8	310565	4.3	
413.14530	4565477	16.9	322642	0.9	
414.13348	4074173	14.9	293794	0.8	
414.95239	12936049	51.4	324534	2.5	
415.03066	2854786	9.8	360741	0.5	
415.06708	6673290	25.6	337483	1.3	
415.08823	12743567	50.6	321793	2.4	
415.10348	6722450	25.8	314346	1.3	
415.12462	9855895	38.7	323229	1.9	
415.13986	9266074	36.3	312618	1.8	
415.16115	2830751	9.7	263663	0.5	
417.04634	4533570	16.8	316668	0.9	
417.08275	8602954	33.5	326715	1.6	
417.10382	5182799	19.4	333129	1.0	
417.11911	10700114	42.2	291171	2.0	
417.12504	2580820	8.7	363069	0.5	
417.14036	4093271	14.9	348088	0.8	
417.15550	13718874	54.6	321411	2.6	
418.15894	3401276	12.1	317237	0.6	
418.95492	3472113	12.4	304628	0.7	
419.02554	2657025	9.0	284374	0.5	
419.02911	3725057	13.4	292234	0.7	
419.06201	4405001	16.2	329150	0.8	
419.09838	12400401	49.2	310011	2.4	
419.11955	6666006	25.5	316566	1.3	
419.13481	12306201	48.8	317642	2.3	
419.16439	2936608	10.2	343996	0.6	
419.17116	57620256	235.7	305504	10.9	
419.17270	4880162	18.2	597175	0.9	
420.10172	2589686	8.7	263880	0.5	
420.13816	2925566	10.1	345507	0.6	
420.17451	13297670	52.9	317716	2.5	
421.04117	3886286	14.1	282109	0.7	
421.06576	5816531	22.0	310844	1.1	
421.07528	3630293	13.0	306082	0.7	
421.07765	7323862	28.3	303449	1.4	
421.11402	17373406	69.7	305690	3.3	
421.13519	6908131	26.5	322740	1.3	
421.15044	10864871	42.9	300197	2.1	
421.22653	8857848	34.6	304925	1.7	
422.11732	3618246	13.0	319766	0.7	
423.05694	3543713	12.7	314306	0.7	
423.09328	11582121	45.8	306071	2.2	
423.11443	3391150	12.0	322151	0.6	
423.12967	18176690	73.0	310673	3.5	
423.15089	2613943	8.8	283917	0.5	
423.16613	2704059	9.2	304695	0.5	
424.13312	2984861	10.4	377773	0.6	
425.07258	6634619	25.4	314635	1.3	
425.08773	2873470	9.9	302409	0.5	
425.10894	10607747	41.8	295184	2.0	
425.13010	10136712	39.9	312002	1.9	
425.14539	6118540	23.3	321657	1.2	
425.25788	5455015	20.5	316064	1.0	
427.06722	2903125	10.0	216630	0.6	
427.07057	5807702	22.0	302778	1.1	
427.08825	5817946	22.0	322696	1.1	
427.10345	5494366	20.7	333085	1.0	
427.12463	10628707	41.9	314618	2.0	
427.13991	2535015	8.5	319139	0.5	
427.14576	5576296	21.0	311964	1.1	
428.12799	2936660	10.0	329986	0.6	
429.04637	3512370	12.4	352029	0.7	
429.08275	4431931	16.2	328878	0.8	
429.10392	5713984	21.4	320889	1.1	
429.11911	5785668	21.7	296607	1.1	
429.12496	8015941	30.8	292952	1.5	
429.14023	5181513	19.2	322008	1.0	
431.06202	3751453	13.4	309469	0.7	
431.09836	7154214	27.3	276201	1.4	
431.11953	10441259	40.7	302680	2.0	
431.13478	30933550	124.3	296040	5.9	
431.14067	13472304	53.1	296682	2.6	
432.13812	6664998	25.3	304601	1.3	
433.04124	5106693	18.9	313074	1.0	
433.07768	7060494	26.9	300443	1.3	
433.11401	10294295	40.1	294752	2.0	
433.13517	5657628	21.2	310845	1.1	
433.15041	11154464	43.6	291154	2.1	
434.15389	2776345	9.4	323528	0.5	
435.05690	5287419	19.6	294905	1.0	
435.09330	8019460	30.8	285697	1.5	
435.11446	3034634	10.4	319361	0.6	
435.12965	9369101	36.3	284165	1.8	
435.16613	4433431	16.2	280228	0.8	
437.07257	4800503	17.6	318544	0.9	
437.10895	10672128	41.6	296474	2.0	
437.12999	5240837	19.4	280241	1.0	
437.14533	7618569	29.2	296934	1.4	
439.07634	21244404	84.8	295113	4.0	
439.08578	6578679	24.9	277233	1.2	
439.08825	5673464	21.2	292315	1.1	
439.10354	3387899	11.9	285204	0.6	
439.10688	4551164	16.6	304330	0.9	
439.12462	21023232	83.9	283770	4.0	
439.14575	4553222	16.6	316262	0.9	
439.16088	3682826	13.1	316101	0.7	
440.07972	3226358	11.2	301242	0.6	
440.12800	3524354	12.4	295983	0.7	
441.06762	3020788	10.4	324103	0.6	
441.08280	3787768	13.5	229439	0.7	
441.10388	7644157	29.3	275745	1.5	
441.11898	3999745	14.4	290433	0.8	
441.12492	3746819	13.3	330224	0.7	
441.14025	5862407	22.0	292006	1.1	
441.16135	4813836	17.7	295156	0.9	
441.25279	10767396	42.0	288623	2.0	
442.25613	2482472	8.2	330094	0.5	
443.04779	3725813	13.3	286557	0.7	
443.06200	3632633	12.9	295667	0.7	
443.08314	3145215	10.9	326788	0.6	
443.09839	4638211	17.0	289980	0.9	
443.11948	7421448	28.3	306414	1.4	
443.13484	3147276	10.9	302659	0.6	
443.14065	6233614	23.5	286441	1.2	
443.15592	2596370	8.6	327422	0.5	
443.19240	3522075	12.4	276543	0.7	
445.04122	3403775	11.9	342066	0.6	
445.07777	3717129	13.2	328736	0.7	
445.09886	3263502	11.4	278623	0.6	
445.11403	7839762	30.0	293870	1.5	
445.13522	6793240	25.8	303927	1.3	
445.15036	3544092	12.5	314942	0.7	
447.05694	12952083	50.3	285101	2.5	
447.09332	6717981	25.2	294495	1.3	
447.11448	5384738	19.8	297312	1.0	
447.12965	7660070	29.0	308660	1.5	
447.13565	2602536	8.6	341068	0.5	
447.15088	3819052	13.5	283561	0.7	
447.16606	3523120	12.3	319063	0.7	
449.07259	5655596	20.9	291609	1.1	
449.10899	9884725	38.0	273550	1.9	
449.13009	10224699	39.3	295023	1.9	
449.14537	8954943	34.2	299227	1.7	
450.11235	2754882	9.2	338310	0.5	
451.08827	5985865	22.2	295690	1.1	
451.12463	11609682	44.9	287405	2.2	
451.14572	3640920	12.8	320573	0.7	
451.16098	8107612	30.8	293621	1.5	
452.12805	2766689	9.2	251454	0.5	
453.06763	2620512	8.6	330313	0.5	
453.08621	3288165	11.3	312452	0.6	
453.10388	10041449	38.6	300728	1.9	
453.11919	4249710	15.2	299143	0.8	
453.12503	3754095	13.2	311875	0.7	
453.14029	7870580	29.8	288507	1.5	
453.58175	3048683	10.4	287095	0.6	
454.10713	2861434	9.6	330395	0.5	
455.06216	2900607	9.8	296894	0.6	
455.08300	2579077	8.5	324707	0.5	
455.09845	3324553	11.5	297166	0.6	
455.11952	7613071	28.8	292145	1.4	
455.13478	2561683	8.4	301301	0.5	
455.14070	7559829	28.6	278620	1.4	
455.15597	4297369	15.4	298075	0.8	
455.31670	7686853	29.1	297958	1.5	
456.32003	3308504	11.4	327961	0.6	
457.04151	2543774	8.3	308024	0.5	
457.07751	2957480	10.0	285992	0.6	
457.09867	3831982	13.5	277291	0.7	
457.11410	4394162	15.8	265646	0.8	
457.13518	6610104	24.7	277608	1.3	
457.15628	3752126	13.2	290600	0.7	
459.05707	2627275	8.7	323521	0.5	
459.09333	3911381	13.8	313087	0.7	
459.11447	3444443	12.0	322980	0.7	
459.12968	5623519	20.8	268119	1.1	
459.13553	5224161	19.1	293080	1.0	
459.15079	4124389	14.7	283296	0.8	
461.05829	7594232	28.7	287250	1.4	
461.07257	9163003	35.0	273543	1.7	
461.10900	7438598	28.1	284588	1.4	
461.13005	11559179	44.7	270925	2.2	
461.14532	4440336	16.0	297762	0.8	
463.05191	3121957	10.6	282648	0.6	
463.06708	4285226	15.3	292900	0.8	
463.08819	13112111	51.0	279953	2.5	
463.12455	7992122	30.3	270884	1.5	
463.14571	4451136	16.0	281193	0.8	
464.09146	2736201	9.1	270105	0.5	
465.06738	5072221	18.5	296504	1.0	
465.10395	7150951	26.9	282532	1.4	
465.12509	3451245	12.0	290794	0.7	
465.14031	8271217	31.4	275024	1.6	
465.17656	2603387	8.6	249910	0.5	
467.08318	7036823	26.1	286311	1.3	
467.09821	2627484	8.5	286414	0.5	
467.11953	8828833	33.3	277546	1.7	
467.14064	8570791	32.2	272155	1.6	
467.15588	10979244	41.9	268485	2.1	
467.19239	2555830	8.3	256525	0.5	
468.12283	2917567	9.7	292763	0.6	
468.15939	2512073	8.1	290519	0.5	
469.09877	3990997	14.0	247036	0.8	
469.11405	3775961	13.1	277490	0.7	
469.13524	7035360	26.1	273217	1.3	
469.15629	4925926	17.7	289059	0.9	
469.28412	3680778	12.7	291478	0.7	
469.29595	3846669	13.4	301100	0.7	
471.09328	4068368	14.3	274695	0.8	
471.11449	4656150	16.6	273988	0.9	
471.12955	4334618	15.3	271845	0.8	
471.13556	22187036	86.5	270744	4.2	
471.15077	3765280	13.1	290494	0.7	
471.31161	4209742	14.8	305684	0.8	
472.13897	3525948	12.1	284286	0.7	
473.03628	2657854	8.7	348644	0.5	
473.07258	2704969	8.8	319877	0.5	
473.10904	5619283	20.5	290899	1.1	
473.13019	3992153	14.0	248113	0.8	
473.14534	3222110	10.9	267785	0.6	
473.15117	5541471	20.2	272139	1.1	
475.08814	3893391	13.6	284722	0.7	
475.12458	6727834	24.9	265512	1.3	
475.14571	4593824	16.4	289258	0.9	
475.16099	3352740	11.4	285976	0.6	
477.06737	6558413	24.2	280607	1.2	
477.10378	6390488	23.5	290632	1.2	
477.12504	3217118	10.9	279187	0.6	
477.14027	6892258	25.5	280176	1.3	
477.16147	3389160	11.6	295014	0.6	
478.14357	2558982	8.3	273987	0.5	
479.06204	3002642	10.0	254308	0.6	
479.06892	6737172	24.9	251384	1.3	
479.08313	3749144	13.0	283573	0.7	
479.11957	5569827	20.3	297059	1.1	
479.14082	3379497	11.5	258266	0.6	
479.15591	4820269	17.3	288016	0.9	
481.06257	3315547	11.3	284630	0.6	
481.09880	4919142	17.7	304246	0.9	
481.11747	2645867	8.6	301457	0.5	
481.13518	6657904	24.6	274061	1.3	
481.15638	3359606	11.4	267627	0.6	
481.17146	3085179	10.4	292937	0.6	
481.22910	9000844	33.9	270681	1.7	
482.13869	2621590	8.5	282939	0.5	
483.07807	23869866	93.2	265564	4.5	
483.09345	2585007	8.4	287267	0.5	
483.11440	4893109	17.6	282470	0.9	
483.12979	3383737	11.5	266664	0.6	
483.13563	4454843	15.8	262224	0.8	
483.15090	4227520	14.9	297617	0.8	
483.27521	3215844	10.9	281008	0.6	
484.08144	5876434	21.5	267612	1.1	
485.07266	2513910	8.1	274436	0.5	
485.10919	3736576	12.9	275184	0.7	
485.13008	5026823	18.1	282135	1.0	
485.14513	3956747	13.8	255427	0.8	
485.15124	14724109	56.8	263003	2.8	
485.16642	4066321	14.3	296880	0.8	
485.27903	5141555	18.5	267268	1.0	
485.29092	4381750	15.5	268483	0.8	
485.32722	2541633	8.2	232162	0.5	
486.15459	3032373	10.1	281095	0.6	
487.08818	3397193	11.6	285088	0.6	
487.12447	4464212	15.8	264612	0.8	
487.14562	4111962	14.4	256933	0.8	
487.16676	3878496	13.5	258689	0.7	
487.18214	44891748	177.1	262337	8.5	
487.30659	5797513	21.2	291581	1.1	
487.34289	3551892	12.2	227127	0.7	
488.18544	11693965	44.7	258376	2.2	
489.10383	4090014	14.2	293922	0.8	
489.14018	5095593	18.1	254896	1.0	
489.14590	2653354	8.5	254384	0.5	
491.08312	3044074	10.0	284564	0.6	
491.11953	5450485	19.5	283845	1.0	
491.14067	3011323	9.9	292799	0.6	
491.15571	4461311	15.6	252345	0.8	
493.07762	5240123	18.7	264127	1.0	
493.09880	3560770	12.1	255474	0.7	
493.13513	7046477	25.8	278116	1.3	
493.15637	2641235	8.5	321924	0.5	
493.17135	2561367	8.1	333977	0.5	
495.09677	3087254	10.2	269374	0.6	
495.11446	5371803	19.2	277443	1.0	
495.15081	5248934	18.7	243361	1.0	
497.09355	2929130	9.6	303234	0.6	
497.13004	10562037	39.6	262035	2.0	
497.14512	2781690	9.0	271230	0.5	
497.16649	2613760	8.3	303941	0.5	
497.29085	7363109	27.0	272669	1.4	
498.13330	3728161	12.7	268024	0.7	
498.29430	2850642	9.3	298118	0.5	
499.10953	2707526	8.7	263697	0.5	
499.14574	4793425	16.9	256130	0.9	
499.16107	3356757	11.3	246624	0.6	
499.16680	9575511	35.7	255931	1.8	
499.30653	13364353	50.7	251417	2.5	
500.30989	3812782	13.1	245026	0.7	
501.06756	2576017	8.2	249034	0.5	
501.10390	3014300	9.9	248693	0.6	
501.14039	3000999	9.9	266720	0.6	
501.14611	7696041	28.3	251536	1.5	
501.16127	2734765	8.8	297349	0.5	
501.32215	16264925	62.1	254653	3.1	
502.32548	5097483	18.1	264105	1.0	
503.08313	2658542	8.5	283771	0.5	
503.11940	4468985	15.6	262024	0.8	
503.14069	2900223	9.5	242112	0.6	
503.15573	2650372	8.5	239072	0.5	
503.16180	14266629	54.2	261243	2.7	
503.33780	10625338	39.9	266672	2.0	
504.16521	3226163	10.7	252975	0.6	
504.34121	4149864	14.4	235285	0.8	
505.06239	3937089	13.5	272246	0.7	
505.09882	2928460	9.6	262522	0.6	
505.13513	5024599	17.8	249701	1.0	
505.15628	3258205	10.9	269378	0.6	
505.17146	2893665	9.4	250527	0.5	
507.11462	3589546	12.2	270889	0.7	
507.15081	4341173	15.1	265382	0.8	
509.07247	3635191	12.3	285916	0.7	
509.13003	8525832	31.6	263529	1.6	
509.16643	2715667	8.7	314073	0.5	
511.09740	2910808	9.5	257732	0.6	
511.10945	3344988	11.2	269829	0.6	
511.14571	4809319	17.0	277276	0.9	
511.16084	3564139	12.1	278031	0.7	
513.10737	5319861	18.7	246772	1.0	
513.14025	3344575	11.1	232238	0.6	
513.16150	2728133	8.7	247907	0.5	
513.28577	3814635	12.9	291658	0.7	
515.11945	3142418	10.3	237315	0.6	
515.14049	2643737	8.3	288315	0.5	
515.15580	3512093	11.7	248473	0.7	
515.16185	2919199	9.4	269126	0.6	
515.21341	17227566	65.0	243742	3.3	
515.30151	10907465	40.4	253716	2.1	
516.21666	4741213	16.5	240508	0.9	
516.30487	3373175	11.2	264664	0.6	
517.09874	3155302	10.3	241788	0.6	
517.13522	3351921	11.1	234824	0.6	
517.14102	4411763	15.2	259866	0.8	
517.30681	7627172	27.7	293310	1.4	
517.31709	210936224	817.2	242728	40.0	
518.32047	69608152	268.4	242589	13.2	
519.11463	3886020	13.1	244150	0.7	
519.15072	3679183	12.3	259027	0.7	
519.15665	9602000	35.3	254110	1.8	
519.32379	9884674	36.4	225522	1.9	
521.09381	2669078	8.4	252877	0.5	
521.13018	4331041	14.9	244890	0.8	
521.15144	2988583	9.7	250760	0.6	
521.16649	2976300	9.6	277977	0.6	
521.17240	2840110	9.1	209681	0.5	
521.20276	2643511	8.3	260986	0.5	
523.10946	2506867	7.8	250308	0.5	
523.14580	3682430	12.4	259592	0.7	
525.12498	3043023	9.9	271273	0.6	
525.13988	2583251	8.1	194630	0.5	
525.16142	4555482	15.7	255320	0.9	
527.14062	4408618	15.2	268759	0.8	
527.15579	2571566	8.0	292430	0.5	
527.16172	3044656	9.9	266182	0.6	
529.13513	2729853	8.6	327256	0.5	
529.30515	2612144	8.2	284042	0.5	
531.11457	2514379	7.8	270019	0.5	
531.15064	2762198	8.8	263933	0.5	
531.29634	4655617	16.1	273825	0.9	
533.09371	2965528	9.6	283035	0.6	
533.13013	3021858	9.8	295957	0.6	
533.31199	50574424	194.4	237573	9.6	
534.31540	15340930	57.6	237990	2.9	
535.10918	3095149	10.1	255256	0.6	
535.14571	3987064	13.5	287529	0.8	
537.06761	3969201	13.4	251430	0.8	
537.12517	3025090	9.8	254340	0.6	
537.16129	3809484	12.8	255254	0.7	
539.14059	7093012	25.6	247931	1.3	
539.16158	2611994	8.2	257021	0.5	
541.15638	3081572	9.9	299260	0.6	
543.11427	2663330	8.3	267859	0.5	
545.09957	2671078	8.3	244743	0.5	
545.17232	3254779	10.5	244281	0.6	
547.14553	3452985	11.3	242129	0.7	
549.12512	2581111	7.9	254348	0.5	
551.14062	2881726	9.1	240095	0.5	
551.21353	5902547	20.7	232599	1.1	
552.21683	2611700	8.1	239811	0.5	
553.15612	3029763	9.7	278401	0.6	
555.17174	2857286	9.0	248415	0.5	
557.15099	4276094	14.4	233116	0.8	
559.32768	3494380	11.4	247818	0.7	
567.13540	3169946	10.2	236877	0.6	
571.18207	6317843	21.9	220389	1.2	
573.16145	2937154	9.1	255910	0.6	
575.16187	2655094	8.1	243239	0.5	
575.18271	3063676	9.6	226253	0.6	
581.22381	2758177	8.5	264659	0.5	
603.17774	5358148	17.9	223050	1.0	
605.19371	2864253	8.7	259190	0.5	
669.32790	3864307	12.0	192782	0.7	
679.36986	7441321	24.9	192946	1.4	
680.37323	2951411	8.7	202665	0.6	
681.38614	2607681	7.5	231939	0.5	
695.36453	4418718	13.6	157339	0.8	
697.38035	10208080	33.9	173973	1.9	
698.38341	2895018	8.2	216458	0.5	
